#VRML V2.0 utf8

NavigationInfo{
  type  "EXAMINE"
  }

Viewpoint{ position 4 0 0  orientation  1 1 1 2.0944  fieldOfView 0.6 }

Background{	skyColor .8 .9 1 }

#Inline{ url[ "../Lights.wrl" ]}
DirectionalLight{	direction -1 -1 -1	}
DirectionalLight{	direction  1  1  1	}


DEF SC Coordinate{ point[
 0.00000	 0.00000	 0.00000,
# A verts
 0.68502	 0.70711	-0.17536,
 0.68502	-0.70711	-0.17536,
 0.24800	 0.00000	 0.96876,
-0.24800	-0.00000	-0.96876,
-0.68502	 0.70711	 0.17536,
-0.68502	-0.70711	 0.17536,
 0.86038	 0.42336	-0.28374,
-0.28374	 0.86038	 0.42336,
 0.42336	-0.28374	 0.86038,
-0.42336	 0.28374	-0.86038,
 0.28374	-0.86038	-0.42336,
-0.86038	-0.42336	 0.28374,
 0.86038	-0.42336	-0.28374,
-0.28374	-0.86038	 0.42336,
 0.42336	 0.28374	 0.86038,
-0.42336	-0.28374	-0.86038,
 0.28374	 0.86038	-0.42336,
-0.86038	 0.42336	 0.28374,
 0.96876	 0.24800	 0.00000,
-0.17536	 0.68502	 0.70711,
-0.17536	 0.68502	-0.70711,
 0.17536	-0.68502	 0.70711,
 0.17536	-0.68502	-0.70711,
-0.96876	-0.24800	-0.00000,
 0.96876	-0.24800	 0.00000,
-0.17536	-0.68502	 0.70711,
-0.17536	-0.68502	-0.70711,
 0.17536	 0.68502	 0.70711,
 0.17536	 0.68502	-0.70711,
-0.96876	 0.24800	-0.00000,
 0.00000	 0.96876	 0.24800,
 0.70711	-0.17536	 0.68502,
-0.70711	-0.17536	 0.68502,
 0.70711	 0.17536	-0.68502,
-0.70711	 0.17536	-0.68502,
-0.00000	-0.96876	-0.24800,
 0.00000	-0.96876	 0.24800,
 0.70711	 0.17536	 0.68502,
-0.70711	 0.17536	 0.68502,
 0.70711	-0.17536	-0.68502,
-0.70711	-0.17536	-0.68502,
-0.00000	 0.96876	-0.24800,
-0.86038	 0.42336	-0.28374,
 0.28374	 0.86038	 0.42336,
-0.42336	-0.28374	 0.86038,
 0.42336	 0.28374	-0.86038,
-0.28374	-0.86038	-0.42336,
 0.86038	-0.42336	 0.28374,
-0.86038	-0.42336	-0.28374,
 0.28374	-0.86038	 0.42336,
-0.42336	 0.28374	 0.86038,
 0.42336	-0.28374	-0.86038,
-0.28374	 0.86038	-0.42336,
 0.86038	 0.42336	 0.28374,
-0.68502	 0.70711	-0.17536,
-0.68502	-0.70711	-0.17536,
-0.24800	 0.00000	 0.96876,
 0.24800	-0.00000	-0.96876,
 0.68502	 0.70711	 0.17536,
 0.68502	-0.70711	 0.17536,
# B verts
# O Centers
 0.53935	 0.00000	 0.20601,
 0.37401	 0.00000	-0.43983,
 0.08267	 0.47141	 0.32292,
-0.08267	 0.47141	-0.32292,
 0.08267	-0.47141	 0.32292,
-0.08267	-0.47141	-0.32292,
-0.37401	 0.00000	 0.43983,
-0.53935	 0.00000	-0.20601,
 0.33333	 0.33333	 0.33333,
 0.05109	 0.52249	-0.24025,
 0.52249	-0.24025	 0.05109,
 0.24025	-0.05109	-0.52249,
-0.24025	 0.05109	 0.52249,
-0.52249	 0.24025	-0.05109,
-0.05109	-0.52249	 0.24025,
-0.33333	-0.33333	-0.33333,
 0.33333	-0.33333	 0.33333,
 0.05109	-0.52249	-0.24025,
 0.52249	 0.24025	 0.05109,
 0.24025	 0.05109	-0.52249,
-0.24025	-0.05109	 0.52249,
-0.52249	-0.24025	-0.05109,
-0.05109	 0.52249	 0.24025,
-0.33333	 0.33333	-0.33333,
 0.20601	 0.53935	 0.00000,
 0.32292	 0.08267	 0.47141,
 0.32292	 0.08267	-0.47141,
 0.43983	-0.37401	 0.00000,
-0.43983	 0.37401	 0.00000,
-0.32292	-0.08267	 0.47141,
-0.32292	-0.08267	-0.47141,
-0.20601	-0.53935	 0.00000,
 0.20601	-0.53935	 0.00000,
 0.32292	-0.08267	 0.47141,
 0.32292	-0.08267	-0.47141,
 0.43983	 0.37401	 0.00000,
-0.43983	-0.37401	 0.00000,
-0.32292	 0.08267	 0.47141,
-0.32292	 0.08267	-0.47141,
-0.20601	 0.53935	 0.00000,
 0.00000	 0.20601	 0.53935,
 0.47141	 0.32292	 0.08267,
-0.47141	 0.32292	 0.08267,
 0.00000	 0.43983	-0.37401,
 0.00000	-0.43983	 0.37401,
 0.47141	-0.32292	-0.08267,
-0.47141	-0.32292	-0.08267,
 0.00000	-0.20601	-0.53935,
 0.00000	-0.20601	 0.53935,
 0.47141	-0.32292	 0.08267,
-0.47141	-0.32292	 0.08267,
 0.00000	-0.43983	-0.37401,
 0.00000	 0.43983	 0.37401,
 0.47141	 0.32292	-0.08267,
-0.47141	 0.32292	-0.08267,
 0.00000	 0.20601	-0.53935,
-0.33333	 0.33333	 0.33333,
-0.05109	 0.52249	-0.24025,
-0.52249	-0.24025	 0.05109,
-0.24025	-0.05109	-0.52249,
 0.24025	 0.05109	 0.52249,
 0.52249	 0.24025	-0.05109,
 0.05109	-0.52249	 0.24025,
 0.33333	-0.33333	-0.33333,
-0.33333	-0.33333	 0.33333,
-0.05109	-0.52249	-0.24025,
-0.52249	 0.24025	 0.05109,
-0.24025	 0.05109	-0.52249,
 0.24025	-0.05109	 0.52249,
 0.52249	-0.24025	-0.05109,
 0.05109	 0.52249	 0.24025,
 0.33333	 0.33333	-0.33333,
-0.53935	 0.00000	 0.20601,
-0.37401	 0.00000	-0.43983,
-0.08267	 0.47141	 0.32292,
 0.08267	 0.47141	-0.32292,
-0.08267	-0.47141	 0.32292,
 0.08267	-0.47141	-0.32292,
 0.37401	 0.00000	 0.43983,
 0.53935	 0.00000	-0.20601,
# O Strip verts
 0.65647	 0.56855	-0.10063,
 0.65647	-0.56855	-0.10063,
 0.30509	 0.00000	 0.81929,
 0.62408	 0.56855	-0.22718,
 0.62408	-0.56855	-0.22718,
-0.12611	 0.00000	-0.86511,
 0.56698	 0.66092	-0.07772,
 0.21560	 0.09238	 0.84220,
-0.53458	 0.66092	 0.20428,
 0.53458	 0.66092	-0.20428,
-0.21560	 0.09238	-0.84220,
-0.56698	 0.66092	 0.07772,
 0.56698	-0.66092	-0.07772,
 0.21560	-0.09238	 0.84220,
-0.53458	-0.66092	 0.20428,
 0.53458	-0.66092	-0.20428,
-0.21560	-0.09238	-0.84220,
-0.56698	-0.66092	 0.07772,
 0.12611	 0.00000	 0.86511,
-0.62408	 0.56855	 0.22718,
-0.62408	-0.56855	 0.22718,
-0.30509	 0.00000	-0.81929,
-0.65647	 0.56855	 0.10063,
-0.65647	-0.56855	 0.10063,
 0.75710	 0.40572	-0.16282,
-0.16282	 0.75710	 0.40572,
 0.40572	-0.16282	 0.75710,
 0.70179	 0.44279	-0.27522,
-0.21813	 0.79417	 0.29332,
-0.33039	 0.33053	-0.73886,
 0.79417	 0.29332	-0.21813,
 0.44279	-0.27522	 0.70179,
 0.33053	-0.73886	-0.33039,
 0.73886	 0.33039	-0.33053,
-0.29332	 0.21813	-0.79417,
 0.27522	-0.70179	-0.44279,
-0.27522	 0.70179	 0.44279,
 0.29332	-0.21813	 0.79417,
-0.73886	-0.33039	 0.33053,
-0.33053	 0.73886	 0.33039,
-0.44279	 0.27522	-0.70179,
-0.79417	-0.29332	 0.21813,
 0.33039	-0.33053	 0.73886,
 0.21813	-0.79417	-0.29332,
-0.70179	-0.44279	 0.27522,
-0.40572	 0.16282	-0.75710,
 0.16282	-0.75710	-0.40572,
-0.75710	-0.40572	 0.16282,
 0.75710	-0.40572	-0.16282,
-0.16282	-0.75710	 0.40572,
 0.40572	 0.16282	 0.75710,
 0.70179	-0.44279	-0.27522,
-0.21813	-0.79417	 0.29332,
-0.33039	-0.33053	-0.73886,
 0.79417	-0.29332	-0.21813,
 0.44279	 0.27522	 0.70179,
 0.33053	 0.73886	-0.33039,
 0.73886	-0.33039	-0.33053,
-0.29332	-0.21813	-0.79417,
 0.27522	 0.70179	-0.44279,
-0.27522	-0.70179	 0.44279,
 0.29332	 0.21813	 0.79417,
-0.73886	 0.33039	 0.33053,
-0.33053	-0.73886	 0.33039,
-0.44279	-0.27522	-0.70179,
-0.79417	 0.29332	 0.21813,
 0.33039	 0.33053	 0.73886,
 0.21813	 0.79417	-0.29332,
-0.70179	 0.44279	 0.27522,
-0.40572	-0.16282	-0.75710,
 0.16282	 0.75710	-0.40572,
-0.75710	 0.40572	 0.16282,
 0.81929	 0.30509	 0.00000,
-0.10063	 0.65647	 0.56855,
-0.10063	 0.65647	-0.56855,
 0.84220	 0.21560	 0.09238,
-0.07772	 0.56698	 0.66092,
 0.20428	-0.53458	 0.66092,
 0.84220	 0.21560	-0.09238,
-0.07772	 0.56698	-0.66092,
 0.20428	-0.53458	-0.66092,
 0.86511	 0.12611	 0.00000,
 0.22718	-0.62408	 0.56855,
 0.22718	-0.62408	-0.56855,
-0.22718	 0.62408	 0.56855,
-0.22718	 0.62408	-0.56855,
-0.86511	-0.12611	 0.00000,
-0.20428	 0.53458	 0.66092,
 0.07772	-0.56698	 0.66092,
-0.84220	-0.21560	 0.09238,
-0.20428	 0.53458	-0.66092,
 0.07772	-0.56698	-0.66092,
-0.84220	-0.21560	-0.09238,
 0.10063	-0.65647	 0.56855,
 0.10063	-0.65647	-0.56855,
-0.81929	-0.30509	 0.00000,
 0.81929	-0.30509	 0.00000,
-0.10063	-0.65647	 0.56855,
-0.10063	-0.65647	-0.56855,
 0.84220	-0.21560	 0.09238,
-0.07772	-0.56698	 0.66092,
 0.20428	 0.53458	 0.66092,
 0.84220	-0.21560	-0.09238,
-0.07772	-0.56698	-0.66092,
 0.20428	 0.53458	-0.66092,
 0.86511	-0.12611	 0.00000,
 0.22718	 0.62408	 0.56855,
 0.22718	 0.62408	-0.56855,
-0.22718	-0.62408	 0.56855,
-0.22718	-0.62408	-0.56855,
-0.86511	 0.12611	 0.00000,
-0.20428	-0.53458	 0.66092,
 0.07772	 0.56698	 0.66092,
-0.84220	 0.21560	 0.09238,
-0.20428	-0.53458	-0.66092,
 0.07772	 0.56698	-0.66092,
-0.84220	 0.21560	-0.09238,
 0.10063	 0.65647	 0.56855,
 0.10063	 0.65647	-0.56855,
-0.81929	 0.30509	 0.00000,
 0.00000	 0.81929	 0.30509,
 0.56855	-0.10063	 0.65647,
-0.56855	-0.10063	 0.65647,
 0.09238	 0.84220	 0.21560,
 0.66092	-0.07772	 0.56698,
 0.66092	 0.20428	-0.53458,
-0.09238	 0.84220	 0.21560,
-0.66092	-0.07772	 0.56698,
-0.66092	 0.20428	-0.53458,
 0.00000	 0.86511	 0.12611,
 0.56855	 0.22718	-0.62408,
-0.56855	 0.22718	-0.62408,
 0.56855	-0.22718	 0.62408,
-0.56855	-0.22718	 0.62408,
 0.00000	-0.86511	-0.12611,
 0.66092	-0.20428	 0.53458,
 0.66092	 0.07772	-0.56698,
 0.09238	-0.84220	-0.21560,
-0.66092	-0.20428	 0.53458,
-0.66092	 0.07772	-0.56698,
-0.09238	-0.84220	-0.21560,
 0.56855	 0.10063	-0.65647,
-0.56855	 0.10063	-0.65647,
 0.00000	-0.81929	-0.30509,
 0.00000	-0.81929	 0.30509,
 0.56855	 0.10063	 0.65647,
-0.56855	 0.10063	 0.65647,
 0.09238	-0.84220	 0.21560,
 0.66092	 0.07772	 0.56698,
 0.66092	-0.20428	-0.53458,
-0.09238	-0.84220	 0.21560,
-0.66092	 0.07772	 0.56698,
-0.66092	-0.20428	-0.53458,
 0.00000	-0.86511	 0.12611,
 0.56855	-0.22718	-0.62408,
-0.56855	-0.22718	-0.62408,
 0.56855	 0.22718	 0.62408,
-0.56855	 0.22718	 0.62408,
 0.00000	 0.86511	-0.12611,
 0.66092	 0.20428	 0.53458,
 0.66092	-0.07772	-0.56698,
 0.09238	 0.84220	-0.21560,
-0.66092	 0.20428	 0.53458,
-0.66092	-0.07772	-0.56698,
-0.09238	 0.84220	-0.21560,
 0.56855	-0.10063	-0.65647,
-0.56855	-0.10063	-0.65647,
 0.00000	 0.81929	-0.30509,
-0.75710	 0.40572	-0.16282,
 0.16282	 0.75710	 0.40572,
-0.40572	-0.16282	 0.75710,
-0.70179	 0.44279	-0.27522,
 0.21813	 0.79417	 0.29332,
 0.33039	 0.33053	-0.73886,
-0.79417	 0.29332	-0.21813,
-0.44279	-0.27522	 0.70179,
-0.33053	-0.73886	-0.33039,
-0.73886	 0.33039	-0.33053,
 0.29332	 0.21813	-0.79417,
-0.27522	-0.70179	-0.44279,
 0.27522	 0.70179	 0.44279,
-0.29332	-0.21813	 0.79417,
 0.73886	-0.33039	 0.33053,
 0.33053	 0.73886	 0.33039,
 0.44279	 0.27522	-0.70179,
 0.79417	-0.29332	 0.21813,
-0.33039	-0.33053	 0.73886,
-0.21813	-0.79417	-0.29332,
 0.70179	-0.44279	 0.27522,
 0.40572	 0.16282	-0.75710,
-0.16282	-0.75710	-0.40572,
 0.75710	-0.40572	 0.16282,
-0.75710	-0.40572	-0.16282,
 0.16282	-0.75710	 0.40572,
-0.40572	 0.16282	 0.75710,
-0.70179	-0.44279	-0.27522,
 0.21813	-0.79417	 0.29332,
 0.33039	-0.33053	-0.73886,
-0.79417	-0.29332	-0.21813,
-0.44279	 0.27522	 0.70179,
-0.33053	 0.73886	-0.33039,
-0.73886	-0.33039	-0.33053,
 0.29332	-0.21813	-0.79417,
-0.27522	 0.70179	-0.44279,
 0.27522	-0.70179	 0.44279,
-0.29332	 0.21813	 0.79417,
 0.73886	 0.33039	 0.33053,
 0.33053	-0.73886	 0.33039,
 0.44279	-0.27522	-0.70179,
 0.79417	 0.29332	 0.21813,
-0.33039	 0.33053	 0.73886,
-0.21813	 0.79417	-0.29332,
 0.70179	 0.44279	 0.27522,
 0.40572	-0.16282	-0.75710,
-0.16282	 0.75710	-0.40572,
 0.75710	 0.40572	 0.16282,
-0.65647	 0.56855	-0.10063,
-0.65647	-0.56855	-0.10063,
-0.30509	 0.00000	 0.81929,
-0.62408	 0.56855	-0.22718,
-0.62408	-0.56855	-0.22718,
 0.12611	 0.00000	-0.86511,
-0.56698	 0.66092	-0.07772,
-0.21560	 0.09238	 0.84220,
 0.53458	 0.66092	 0.20428,
-0.53458	 0.66092	-0.20428,
 0.21560	 0.09238	-0.84220,
 0.56698	 0.66092	 0.07772,
-0.56698	-0.66092	-0.07772,
-0.21560	-0.09238	 0.84220,
 0.53458	-0.66092	 0.20428,
-0.53458	-0.66092	-0.20428,
 0.21560	-0.09238	-0.84220,
 0.56698	-0.66092	 0.07772,
-0.12611	 0.00000	 0.86511,
 0.62408	 0.56855	 0.22718,
 0.62408	-0.56855	 0.22718,
 0.30509	 0.00000	-0.81929,
 0.65647	 0.56855	 0.10063,
 0.65647	-0.56855	 0.10063,
	]}

# Edges
Transform{ translation    0.68502   0.00000  -0.17536  rotation    0.00000   1.41422   0.00000  3.14159  children[
	DEF EDGE  Shape{  appearance Appearance{ material Material{  diffuseColor 1.0  0.7  0  ambientIntensity .7  }}
			  geometry Cylinder{  radius .003  height    1.41422  }
			  }
	] }
Transform{ translation    0.46651   0.35356   0.39670  rotation    0.21851   1.06067  -0.57206  3.14159  children[ USE EDGE ] }
Transform{ translation    0.21851   0.35356  -0.57206  rotation    0.46651   1.06067   0.39670  3.14159  children[ USE EDGE ] }
Transform{ translation    0.00000   0.70711   0.00000  rotation    0.68502   0.70711  -0.17536  3.14159  children[ USE EDGE ] }
Transform{ translation    0.46651  -0.35356   0.39670  rotation    0.21851   0.35356  -0.57206  3.14159  children[ USE EDGE ] }
Transform{ translation    0.21851  -0.35356  -0.57206  rotation    0.46651   0.35356   0.39670  3.14159  children[ USE EDGE ] }
Transform{ translation    0.00000  -0.70711   0.00000  rotation    0.68502   0.70711  -0.17536  3.14159  children[ USE EDGE ] }
Transform{ translation   -0.21851   0.35356   0.57206  rotation    0.46651   0.35356   0.39670  3.14159  children[ USE EDGE ] }
Transform{ translation   -0.21851  -0.35356   0.57206  rotation    0.46651   1.06067   0.39670  3.14159  children[ USE EDGE ] }
Transform{ translation   -0.46651   0.35356  -0.39670  rotation    0.21851   0.35356  -0.57206  3.14159  children[ USE EDGE ] }
Transform{ translation   -0.46651  -0.35356  -0.39670  rotation    0.21851   1.06067  -0.57206  3.14159  children[ USE EDGE ] }
Transform{ translation   -0.68502   0.00000   0.17536  rotation    0.00000   1.41422   0.00000  3.14159  children[ USE EDGE ] }
Transform{ translation    0.28832   0.64187   0.06981  rotation    0.57206   0.48860  -0.35355  3.14159  children[ USE EDGE ] }
Transform{ translation    0.64187   0.06981   0.28832  rotation    0.21851   1.06066  -0.57206  3.14159  children[ USE EDGE ] }
Transform{ translation    0.21851   0.35355  -0.57206  rotation    0.64187   0.77692   0.28832  3.14159  children[ USE EDGE ] }
Transform{ translation    0.57206  -0.21851  -0.35355  rotation    0.28832   1.34898   0.06981  3.14159  children[ USE EDGE ] }
Transform{ translation    0.06981   0.28832   0.64187  rotation   -0.35355   1.27917  -0.21851  3.14159  children[ USE EDGE ] }
Transform{ translation   -0.35355   0.57206  -0.21851  rotation    0.06981   0.99543   0.64187  3.14159  children[ USE EDGE ] }
Transform{ translation   -0.57206   0.21851   0.35355  rotation    0.28832   1.34898   0.06981  3.14159  children[ USE EDGE ] }
Transform{ translation    0.35355  -0.57206   0.21851  rotation    0.06981   0.99543   0.64187  3.14159  children[ USE EDGE ] }
Transform{ translation   -0.21851  -0.35355   0.57206  rotation    0.64187   0.77692   0.28832  3.14159  children[ USE EDGE ] }
Transform{ translation   -0.06981  -0.28832  -0.64187  rotation   -0.35355   1.27917  -0.21851  3.14159  children[ USE EDGE ] }
Transform{ translation   -0.64187  -0.06981  -0.28832  rotation    0.21851   1.06066  -0.57206  3.14159  children[ USE EDGE ] }
Transform{ translation   -0.28832  -0.64187  -0.06981  rotation    0.57206   0.48860  -0.35355  3.14159  children[ USE EDGE ] }
Transform{ translation    0.28832  -0.64187   0.06981  rotation    0.57206   0.92562  -0.35355  3.14159  children[ USE EDGE ] }
Transform{ translation    0.64187  -0.06981   0.28832  rotation    0.21851   0.35356  -0.57206  3.14159  children[ USE EDGE ] }
Transform{ translation    0.21851  -0.35355  -0.57206  rotation    0.64187   0.63730   0.28832  3.14159  children[ USE EDGE ] }
Transform{ translation    0.57206   0.21851  -0.35355  rotation    0.28832   0.06524   0.06981  3.14159  children[ USE EDGE ] }
Transform{ translation    0.06981  -0.28832   0.64187  rotation   -0.35355   0.13505  -0.21851  3.14159  children[ USE EDGE ] }
Transform{ translation   -0.35355  -0.57206  -0.21851  rotation    0.06981   0.41879   0.64187  3.14159  children[ USE EDGE ] }
Transform{ translation   -0.57206  -0.21851   0.35355  rotation    0.28832   0.06524   0.06981  3.14159  children[ USE EDGE ] }
Transform{ translation    0.35355   0.57206   0.21851  rotation    0.06981   0.41879   0.64187  3.14159  children[ USE EDGE ] }
Transform{ translation   -0.21851   0.35355   0.57206  rotation    0.64187   0.63730   0.28832  3.14159  children[ USE EDGE ] }
Transform{ translation   -0.06981   0.28832  -0.64187  rotation   -0.35355   0.13505  -0.21851  3.14159  children[ USE EDGE ] }
Transform{ translation   -0.64187   0.06981  -0.28832  rotation    0.21851   0.35356  -0.57206  3.14159  children[ USE EDGE ] }
Transform{ translation   -0.28832   0.64187  -0.06981  rotation    0.57206   0.92562  -0.35355  3.14159  children[ USE EDGE ] }
Transform{ translation    0.39670   0.46651   0.35356  rotation    0.57206   0.48860  -0.35356  3.14159  children[ USE EDGE ] }
Transform{ translation    0.39670   0.46651  -0.35356  rotation    0.57206   0.48860   0.35356  3.14159  children[ USE EDGE ] }
Transform{ translation    0.57206  -0.21851   0.35356  rotation    0.39670   1.17362  -0.35356  3.14159  children[ USE EDGE ] }
Transform{ translation    0.57206  -0.21851  -0.35356  rotation    0.39670   1.17362   0.35356  3.14159  children[ USE EDGE ] }
Transform{ translation   -0.17536   0.68502   0.00000  rotation    0.00000   0.70711   0.70711  3.14159  children[ USE EDGE ] }
Transform{ translation    0.00000   0.00000   0.70711  rotation   -0.17536   1.39213   0.00000  3.14159  children[ USE EDGE ] }
Transform{ translation   -0.57206   0.21851   0.35356  rotation    0.39670   1.17362   0.35356  3.14159  children[ USE EDGE ] }
Transform{ translation    0.00000   0.00000  -0.70711  rotation   -0.17536   1.39213   0.00000  3.14159  children[ USE EDGE ] }
Transform{ translation   -0.57206   0.21851  -0.35356  rotation    0.39670   1.17362  -0.35356  3.14159  children[ USE EDGE ] }
Transform{ translation    0.17536  -0.68502   0.00000  rotation    0.00000   0.70711   0.70711  3.14159  children[ USE EDGE ] }
Transform{ translation   -0.39670  -0.46651   0.35356  rotation    0.57206   0.48860   0.35356  3.14159  children[ USE EDGE ] }
Transform{ translation   -0.39670  -0.46651  -0.35356  rotation    0.57206   0.48860  -0.35356  3.14159  children[ USE EDGE ] }
Transform{ translation    0.39670  -0.46651   0.35356  rotation    0.57206   0.92562  -0.35356  3.14159  children[ USE EDGE ] }
Transform{ translation    0.39670  -0.46651  -0.35356  rotation    0.57206   0.92562   0.35356  3.14159  children[ USE EDGE ] }
Transform{ translation    0.57206   0.21851   0.35356  rotation    0.39670   0.24060  -0.35356  3.14159  children[ USE EDGE ] }
Transform{ translation    0.57206   0.21851  -0.35356  rotation    0.39670   0.24060   0.35356  3.14159  children[ USE EDGE ] }
Transform{ translation   -0.17536  -0.68502   0.00000  rotation    0.00000   0.70711   0.70711  3.14159  children[ USE EDGE ] }
Transform{ translation    0.00000   0.00000   0.70711  rotation   -0.17536   0.02209   0.00000  3.14159  children[ USE EDGE ] }
Transform{ translation   -0.57206  -0.21851   0.35356  rotation    0.39670   0.24060   0.35356  3.14159  children[ USE EDGE ] }
Transform{ translation    0.00000   0.00000  -0.70711  rotation   -0.17536   0.02209   0.00000  3.14159  children[ USE EDGE ] }
Transform{ translation   -0.57206  -0.21851  -0.35356  rotation    0.39670   0.24060  -0.35356  3.14159  children[ USE EDGE ] }
Transform{ translation    0.17536   0.68502   0.00000  rotation    0.00000   0.70711   0.70711  3.14159  children[ USE EDGE ] }
Transform{ translation   -0.39670   0.46651   0.35356  rotation    0.57206   0.92562   0.35356  3.14159  children[ USE EDGE ] }
Transform{ translation   -0.39670   0.46651  -0.35356  rotation    0.57206   0.92562  -0.35356  3.14159  children[ USE EDGE ] }
Transform{ translation    0.35356   0.39670   0.46651  rotation   -0.35356   1.27917  -0.21851  3.14159  children[ USE EDGE ] }
Transform{ translation   -0.35356   0.39670   0.46651  rotation    0.35356   1.27917  -0.21851  3.14159  children[ USE EDGE ] }
Transform{ translation    0.35356   0.57206  -0.21851  rotation   -0.35356   1.10381   0.46651  3.14159  children[ USE EDGE ] }
Transform{ translation   -0.35356   0.57206  -0.21851  rotation    0.35356   1.10381   0.46651  3.14159  children[ USE EDGE ] }
Transform{ translation    0.00000  -0.17536   0.68502  rotation    0.70711   0.70711   0.00000  3.14159  children[ USE EDGE ] }
Transform{ translation    0.70711   0.00000   0.00000  rotation    0.00000   0.53175   0.68502  3.14159  children[ USE EDGE ] }
Transform{ translation    0.35356  -0.57206   0.21851  rotation    0.35356   1.10381   0.46651  3.14159  children[ USE EDGE ] }
Transform{ translation   -0.70711   0.00000   0.00000  rotation    0.00000   0.53175   0.68502  3.14159  children[ USE EDGE ] }
Transform{ translation   -0.35356  -0.57206   0.21851  rotation   -0.35356   1.10381   0.46651  3.14159  children[ USE EDGE ] }
Transform{ translation    0.00000   0.17536  -0.68502  rotation    0.70711   0.70711   0.00000  3.14159  children[ USE EDGE ] }
Transform{ translation    0.35356  -0.39670  -0.46651  rotation    0.35356   1.27917  -0.21851  3.14159  children[ USE EDGE ] }
Transform{ translation   -0.35356  -0.39670  -0.46651  rotation   -0.35356   1.27917  -0.21851  3.14159  children[ USE EDGE ] }
Transform{ translation    0.35356  -0.39670   0.46651  rotation   -0.35356   0.13505  -0.21851  3.14159  children[ USE EDGE ] }
Transform{ translation   -0.35356  -0.39670   0.46651  rotation    0.35356   0.13505  -0.21851  3.14159  children[ USE EDGE ] }
Transform{ translation    0.35356  -0.57206  -0.21851  rotation   -0.35356   0.31041   0.46651  3.14159  children[ USE EDGE ] }
Transform{ translation   -0.35356  -0.57206  -0.21851  rotation    0.35356   0.31041   0.46651  3.14159  children[ USE EDGE ] }
Transform{ translation    0.00000   0.17536   0.68502  rotation    0.70711   0.70711   0.00000  3.14159  children[ USE EDGE ] }
Transform{ translation    0.70711   0.00000   0.00000  rotation    0.00000   0.88247   0.68502  3.14159  children[ USE EDGE ] }
Transform{ translation    0.35356   0.57206   0.21851  rotation    0.35356   0.31041   0.46651  3.14159  children[ USE EDGE ] }
Transform{ translation   -0.70711   0.00000   0.00000  rotation    0.00000   0.88247   0.68502  3.14159  children[ USE EDGE ] }
Transform{ translation   -0.35356   0.57206   0.21851  rotation   -0.35356   0.31041   0.46651  3.14159  children[ USE EDGE ] }
Transform{ translation    0.00000  -0.17536  -0.68502  rotation    0.70711   0.70711   0.00000  3.14159  children[ USE EDGE ] }
Transform{ translation    0.35356   0.39670  -0.46651  rotation    0.35356   0.13505  -0.21851  3.14159  children[ USE EDGE ] }
Transform{ translation   -0.35356   0.39670  -0.46651  rotation   -0.35356   0.13505  -0.21851  3.14159  children[ USE EDGE ] }
Transform{ translation   -0.28832   0.64187   0.06981  rotation   -0.57206   0.48860  -0.35355  3.14159  children[ USE EDGE ] }
Transform{ translation   -0.64187   0.06981   0.28832  rotation   -0.21851   1.06066  -0.57206  3.14159  children[ USE EDGE ] }
Transform{ translation   -0.21851   0.35355  -0.57206  rotation   -0.64187   0.77692   0.28832  3.14159  children[ USE EDGE ] }
Transform{ translation   -0.57206  -0.21851  -0.35355  rotation   -0.28832   1.34898   0.06981  3.14159  children[ USE EDGE ] }
Transform{ translation   -0.06981   0.28832   0.64187  rotation    0.35355   1.27917  -0.21851  3.14159  children[ USE EDGE ] }
Transform{ translation    0.35355   0.57206  -0.21851  rotation   -0.06981   0.99543   0.64187  3.14159  children[ USE EDGE ] }
Transform{ translation    0.57206   0.21851   0.35355  rotation   -0.28832   1.34898   0.06981  3.14159  children[ USE EDGE ] }
Transform{ translation   -0.35355  -0.57206   0.21851  rotation   -0.06981   0.99543   0.64187  3.14159  children[ USE EDGE ] }
Transform{ translation    0.21851  -0.35355   0.57206  rotation   -0.64187   0.77692   0.28832  3.14159  children[ USE EDGE ] }
Transform{ translation    0.06981  -0.28832  -0.64187  rotation    0.35355   1.27917  -0.21851  3.14159  children[ USE EDGE ] }
Transform{ translation    0.64187  -0.06981  -0.28832  rotation   -0.21851   1.06066  -0.57206  3.14159  children[ USE EDGE ] }
Transform{ translation    0.28832  -0.64187  -0.06981  rotation   -0.57206   0.48860  -0.35355  3.14159  children[ USE EDGE ] }
Transform{ translation   -0.28832  -0.64187   0.06981  rotation   -0.57206   0.92562  -0.35355  3.14159  children[ USE EDGE ] }
Transform{ translation   -0.64187  -0.06981   0.28832  rotation   -0.21851   0.35356  -0.57206  3.14159  children[ USE EDGE ] }
Transform{ translation   -0.21851  -0.35355  -0.57206  rotation   -0.64187   0.63730   0.28832  3.14159  children[ USE EDGE ] }
Transform{ translation   -0.57206   0.21851  -0.35355  rotation   -0.28832   0.06524   0.06981  3.14159  children[ USE EDGE ] }
Transform{ translation   -0.06981  -0.28832   0.64187  rotation    0.35355   0.13505  -0.21851  3.14159  children[ USE EDGE ] }
Transform{ translation    0.35355  -0.57206  -0.21851  rotation   -0.06981   0.41879   0.64187  3.14159  children[ USE EDGE ] }
Transform{ translation    0.57206  -0.21851   0.35355  rotation   -0.28832   0.06524   0.06981  3.14159  children[ USE EDGE ] }
Transform{ translation   -0.35355   0.57206   0.21851  rotation   -0.06981   0.41879   0.64187  3.14159  children[ USE EDGE ] }
Transform{ translation    0.21851   0.35355   0.57206  rotation   -0.64187   0.63730   0.28832  3.14159  children[ USE EDGE ] }
Transform{ translation    0.06981   0.28832  -0.64187  rotation    0.35355   0.13505  -0.21851  3.14159  children[ USE EDGE ] }
Transform{ translation    0.64187   0.06981  -0.28832  rotation   -0.21851   0.35356  -0.57206  3.14159  children[ USE EDGE ] }
Transform{ translation    0.28832   0.64187  -0.06981  rotation   -0.57206   0.92562  -0.35355  3.14159  children[ USE EDGE ] }
Transform{ translation   -0.68502   0.00000  -0.17536  rotation    0.00000   1.41422   0.00000  3.14159  children[ USE EDGE ] }
Transform{ translation   -0.46651   0.35356   0.39670  rotation   -0.21851   1.06067  -0.57206  3.14159  children[ USE EDGE ] }
Transform{ translation   -0.21851   0.35356  -0.57206  rotation   -0.46651   1.06067   0.39670  3.14159  children[ USE EDGE ] }
Transform{ translation    0.00000   0.70711   0.00000  rotation   -0.68502   0.70711  -0.17536  3.14159  children[ USE EDGE ] }
Transform{ translation   -0.46651  -0.35356   0.39670  rotation   -0.21851   0.35356  -0.57206  3.14159  children[ USE EDGE ] }
Transform{ translation   -0.21851  -0.35356  -0.57206  rotation   -0.46651   0.35356   0.39670  3.14159  children[ USE EDGE ] }
Transform{ translation    0.00000  -0.70711   0.00000  rotation   -0.68502   0.70711  -0.17536  3.14159  children[ USE EDGE ] }
Transform{ translation    0.21851   0.35356   0.57206  rotation   -0.46651   0.35356   0.39670  3.14159  children[ USE EDGE ] }
Transform{ translation    0.21851  -0.35356   0.57206  rotation   -0.46651   1.06067   0.39670  3.14159  children[ USE EDGE ] }
Transform{ translation    0.46651   0.35356  -0.39670  rotation   -0.21851   0.35356  -0.57206  3.14159  children[ USE EDGE ] }
Transform{ translation    0.46651  -0.35356  -0.39670  rotation   -0.21851   1.06067  -0.57206  3.14159  children[ USE EDGE ] }
Transform{ translation    0.68502   0.00000   0.17536  rotation    0.00000   1.41422   0.00000  3.14159  children[ USE EDGE ] }

# Faces
Transform{ children[

	# Outer faces
	Shape{  appearance Appearance{ material Material{ diffuseColor  1  0  0
			             ambientIntensity 1   transparency  .3       }}
		geometry IndexedFaceSet{   coord USE SC  coordIndex[
  1   2   3  -1
  1   2   4  -1
  1   3   5  -1
  1   4   5  -1
  2   3   6  -1
  2   4   6  -1
  3   5   6  -1
  4   5   6  -1
		]  convex FALSE  solid FALSE  }}

	Shape{  appearance Appearance{ material Material{ diffuseColor  0    1    0  
			            ambientIntensity 1    transparency   .2      }}
		geometry IndexedFaceSet{   coord USE SC  coordIndex[
  7   8   9  -1
  7   8  10  -1
  7   9  11  -1
  7  10  11  -1
  8   9  12  -1
  8  10  12  -1
  9  11  12  -1
 10  11  12  -1
		]  convex FALSE  solid FALSE  }}

	Shape{  appearance Appearance{ material Material{ diffuseColor  0    0    1  
			            ambientIntensity 1    transparency   .2      }}
		geometry IndexedFaceSet{   coord USE SC  coordIndex[
 13  14  15  -1
 13  14  16  -1
 13  15  17  -1
 13  16  17  -1
 14  15  18  -1
 14  16  18  -1
 15  17  18  -1
 16  17  18  -1
		]  convex FALSE  solid FALSE  }}

	Shape{  appearance Appearance{ material Material{ diffuseColor  0    0.4  0.4
			            ambientIntensity 1    transparency   .2      }}
		geometry IndexedFaceSet{   coord USE SC  coordIndex[
 19  20  21  -1
 19  20  22  -1
 19  21  23  -1
 19  22  23  -1
 20  21  24  -1
 20  22  24  -1
 21  23  24  -1
 22  23  24  -1
		]  convex FALSE  solid FALSE  }}

	Shape{  appearance Appearance{ material Material{ diffuseColor  0.4  0    0.4
			            ambientIntensity 1    transparency   .2      }}
		geometry IndexedFaceSet{   coord USE SC  coordIndex[
 25  26  27  -1
 25  26  28  -1
 25  27  29  -1
 25  28  29  -1
 26  27  30  -1
 26  28  30  -1
 27  29  30  -1
 28  29  30  -1
		]  convex FALSE  solid FALSE  }}

	Shape{  appearance Appearance{ material Material{ diffuseColor  0.8  0.4  0  
			            ambientIntensity 1    transparency   .2      }}
		geometry IndexedFaceSet{   coord USE SC  coordIndex[
 31  32  33  -1
 31  32  34  -1
 31  33  35  -1
 31  34  35  -1
 32  33  36  -1
 32  34  36  -1
 33  35  36  -1
 34  35  36  -1
		]  convex FALSE  solid FALSE  }}

	Shape{  appearance Appearance{ material Material{ diffuseColor  0.5  0.8  0  
			            ambientIntensity 1    transparency   .2      }}
		geometry IndexedFaceSet{   coord USE SC  coordIndex[
 37  38  39  -1
 37  38  40  -1
 37  39  41  -1
 37  40  41  -1
 38  39  42  -1
 38  40  42  -1
 39  41  42  -1
 40  41  42  -1
		]  convex FALSE  solid FALSE  }}

	Shape{  appearance Appearance{ material Material{ diffuseColor  0    0.8  0.5
			            ambientIntensity 1    transparency   .2      }}
		geometry IndexedFaceSet{   coord USE SC  coordIndex[
 43  44  45  -1
 43  44  46  -1
 43  45  47  -1
 43  46  47  -1
 44  45  48  -1
 44  46  48  -1
 45  47  48  -1
 46  47  48  -1
		]  convex FALSE  solid FALSE  }}

	Shape{  appearance Appearance{ material Material{ diffuseColor  1    0    0.5
			            ambientIntensity 1    transparency   .2      }}
		geometry IndexedFaceSet{   coord USE SC  coordIndex[
 49  50  51  -1
 49  50  52  -1
 49  51  53  -1
 49  52  53  -1
 50  51  54  -1
 50  52  54  -1
 51  53  54  -1
 52  53  54  -1
		]  convex FALSE  solid FALSE  }}

	Shape{  appearance Appearance{ material Material{ diffuseColor  1    1    1  
			            ambientIntensity 1    transparency   .2      }}
		geometry IndexedFaceSet{   coord USE SC  coordIndex[
 55  56  57  -1
 55  56  58  -1
 55  57  59  -1
 55  58  59  -1
 56  57  60  -1
 56  58  60  -1
 57  59  60  -1
 58  59  60  -1
		]  convex FALSE  solid FALSE  }}

	# Equatorial faces
	Shape{  appearance Appearance{ material Material{ diffuseColor 0 0 1  ambientIntensity 1
			transparency .3
			}}
		geometry IndexedFaceSet{
			coord USE SC  coordIndex[
		]  convex FALSE  solid FALSE  }}

	]}
