#VRML V2.0 utf8

NavigationInfo{
  type  "EXAMINE"
  }

Viewpoint{ position 4 0 0  orientation  1 1 1 2.0944  fieldOfView 0.6 }

Background{	skyColor .8 .9 1 }

#Inline{ url[ "../Lights.wrl" ]}
DirectionalLight{	direction -1 -1 -1	}
DirectionalLight{	direction  1  1  1	}


DEF SC Coordinate{ point[
 0.00000	 0.00000	 0.00000,
# A verts
 0.39367	-0.70711	 0.58739,
 0.39367	 0.70711	 0.58739,
 0.83069	 0.00000	-0.55674,
-0.83069	-0.00000	 0.55674,
-0.39367	-0.70711	-0.58739,
-0.39367	 0.70711	-0.58739,
-0.19371	 0.24330	 0.95041,
 0.95041	-0.19371	 0.24330,
 0.24330	 0.95041	-0.19371,
-0.24330	-0.95041	 0.19371,
-0.95041	 0.19371	-0.24330,
 0.19371	-0.24330	-0.95041,
-0.19371	-0.24330	 0.95041,
 0.95041	 0.19371	 0.24330,
 0.24330	-0.95041	-0.19371,
-0.24330	 0.95041	 0.19371,
-0.95041	-0.19371	-0.24330,
 0.19371	 0.24330	-0.95041,
-0.55674	 0.83069	 0.00000,
 0.58739	 0.39367	-0.70711,
 0.58739	 0.39367	 0.70711,
-0.58739	-0.39367	-0.70711,
-0.58739	-0.39367	 0.70711,
 0.55674	-0.83069	-0.00000,
-0.55674	-0.83069	 0.00000,
 0.58739	-0.39367	-0.70711,
 0.58739	-0.39367	 0.70711,
-0.58739	 0.39367	-0.70711,
-0.58739	 0.39367	 0.70711,
 0.55674	 0.83069	-0.00000,
 0.00000	-0.55674	 0.83069,
-0.70711	 0.58739	 0.39367,
 0.70711	 0.58739	 0.39367,
-0.70711	-0.58739	-0.39367,
 0.70711	-0.58739	-0.39367,
-0.00000	 0.55674	-0.83069,
 0.00000	 0.55674	 0.83069,
-0.70711	-0.58739	 0.39367,
 0.70711	-0.58739	 0.39367,
-0.70711	 0.58739	-0.39367,
 0.70711	 0.58739	-0.39367,
-0.00000	-0.55674	-0.83069,
 0.19371	 0.24330	 0.95041,
-0.95041	-0.19371	 0.24330,
-0.24330	 0.95041	-0.19371,
 0.24330	-0.95041	 0.19371,
 0.95041	 0.19371	-0.24330,
-0.19371	-0.24330	-0.95041,
 0.19371	-0.24330	 0.95041,
-0.95041	 0.19371	 0.24330,
-0.24330	-0.95041	-0.19371,
 0.24330	 0.95041	 0.19371,
 0.95041	-0.19371	-0.24330,
-0.19371	 0.24330	-0.95041,
-0.39367	-0.70711	 0.58739,
-0.39367	 0.70711	 0.58739,
-0.83069	 0.00000	-0.55674,
 0.83069	-0.00000	 0.55674,
 0.39367	-0.70711	-0.58739,
 0.39367	 0.70711	-0.58739,
# B verts
# O Centers
 0.53934	 0.00000	 0.20601,
-0.01445	 0.00000	 0.57717,
 0.27690	-0.47141	-0.18558,
-0.27690	-0.47141	 0.18558,
 0.27690	 0.47141	-0.18558,
-0.27690	 0.47141	 0.18558,
 0.01445	 0.00000	-0.57717,
-0.53934	 0.00000	-0.20601,
 0.33333	 0.33333	 0.33333,
 0.17113	-0.30027	 0.46247,
-0.30027	 0.46247	 0.17113,
-0.46247	-0.17113	 0.30027,
 0.46247	 0.17113	-0.30027,
 0.30027	-0.46247	-0.17113,
-0.17113	 0.30027	-0.46247,
-0.33333	-0.33333	-0.33333,
 0.33333	-0.33333	 0.33333,
 0.17113	 0.30027	 0.46247,
-0.30027	-0.46247	 0.17113,
-0.46247	 0.17113	 0.30027,
 0.46247	-0.17113	-0.30027,
 0.30027	 0.46247	-0.17113,
-0.17113	-0.30027	-0.46247,
-0.33333	 0.33333	-0.33333,
 0.20601	 0.53934	 0.00000,
-0.18558	 0.27690	-0.47141,
-0.18558	 0.27690	 0.47141,
-0.57717	 0.01445	 0.00000,
 0.57717	-0.01445	 0.00000,
 0.18558	-0.27690	-0.47141,
 0.18558	-0.27690	 0.47141,
-0.20601	-0.53934	 0.00000,
 0.20601	-0.53934	 0.00000,
-0.18558	-0.27690	-0.47141,
-0.18558	-0.27690	 0.47141,
-0.57717	-0.01445	 0.00000,
 0.57717	 0.01445	 0.00000,
 0.18558	 0.27690	-0.47141,
 0.18558	 0.27690	 0.47141,
-0.20601	 0.53934	 0.00000,
 0.00000	 0.20601	 0.53934,
-0.47141	-0.18558	 0.27690,
 0.47141	-0.18558	 0.27690,
 0.00000	-0.57717	 0.01445,
 0.00000	 0.57717	-0.01445,
-0.47141	 0.18558	-0.27690,
 0.47141	 0.18558	-0.27690,
 0.00000	-0.20601	-0.53934,
 0.00000	-0.20601	 0.53934,
-0.47141	 0.18558	 0.27690,
 0.47141	 0.18558	 0.27690,
 0.00000	 0.57717	 0.01445,
 0.00000	-0.57717	-0.01445,
-0.47141	-0.18558	-0.27690,
 0.47141	-0.18558	-0.27690,
 0.00000	 0.20601	-0.53934,
-0.33333	 0.33333	 0.33333,
-0.17113	-0.30027	 0.46247,
 0.30027	 0.46247	 0.17113,
 0.46247	-0.17113	 0.30027,
-0.46247	 0.17113	-0.30027,
-0.30027	-0.46247	-0.17113,
 0.17113	 0.30027	-0.46247,
 0.33333	-0.33333	-0.33333,
-0.33333	-0.33333	 0.33333,
-0.17113	 0.30027	 0.46247,
 0.30027	-0.46247	 0.17113,
 0.46247	 0.17113	 0.30027,
-0.46247	-0.17113	-0.30027,
-0.30027	 0.46247	-0.17113,
 0.17113	-0.30027	-0.46247,
 0.33333	 0.33333	-0.33333,
-0.53934	 0.00000	 0.20601,
 0.01445	 0.00000	 0.57717,
-0.27690	-0.47141	-0.18558,
 0.27690	-0.47141	 0.18558,
-0.27690	 0.47141	-0.18558,
 0.27690	 0.47141	 0.18558,
-0.01445	 0.00000	-0.57717,
 0.53934	 0.00000	-0.20601,
# O Strip verts
 0.42222	-0.56855	 0.51266,
 0.42222	 0.56855	 0.51266,
 0.77360	 0.00000	-0.40727,
 0.31370	-0.56855	 0.58539,
 0.31370	 0.56855	 0.58539,
-0.67074	 0.00000	 0.56074,
 0.37079	-0.66092	 0.43592,
 0.72217	-0.09238	-0.48401,
-0.26227	-0.66092	-0.50865,
 0.26227	-0.66092	 0.50865,
-0.72217	-0.09238	 0.48401,
-0.37079	-0.66092	-0.43592,
 0.37079	 0.66092	 0.43592,
 0.72217	 0.09238	-0.48401,
-0.26227	 0.66092	-0.50865,
 0.26227	 0.66092	 0.50865,
-0.72217	 0.09238	 0.48401,
-0.37079	 0.66092	-0.43592,
 0.67074	 0.00000	-0.56074,
-0.31370	-0.56855	-0.58539,
-0.31370	 0.56855	-0.58539,
-0.77360	 0.00000	 0.40727,
-0.42222	-0.56855	-0.51266,
-0.42222	 0.56855	-0.51266,
-0.09043	 0.26094	 0.82949,
 0.82949	-0.09043	 0.26094,
 0.26094	 0.82949	-0.09043,
-0.12222	 0.13678	 0.85479,
 0.79770	-0.21459	 0.28625,
-0.16209	-0.82301	 0.24638,
-0.21459	 0.28625	 0.79770,
 0.13678	 0.85479	-0.12222,
-0.82301	 0.24638	-0.16209,
-0.24638	 0.16209	 0.82301,
-0.28625	-0.79770	 0.21459,
-0.85479	 0.12222	-0.13678,
 0.85479	-0.12222	 0.13678,
 0.28625	 0.79770	-0.21459,
 0.24638	-0.16209	-0.82301,
 0.82301	-0.24638	 0.16209,
-0.13678	-0.85479	 0.12222,
 0.21459	-0.28625	-0.79770,
 0.16209	 0.82301	-0.24638,
-0.79770	 0.21459	-0.28625,
 0.12222	-0.13678	-0.85479,
-0.26094	-0.82949	 0.09043,
-0.82949	 0.09043	-0.26094,
 0.09043	-0.26094	-0.82949,
-0.09043	-0.26094	 0.82949,
 0.82949	 0.09043	 0.26094,
 0.26094	-0.82949	-0.09043,
-0.12222	-0.13678	 0.85479,
 0.79770	 0.21459	 0.28625,
-0.16209	 0.82301	 0.24638,
-0.21459	-0.28625	 0.79770,
 0.13678	-0.85479	-0.12222,
-0.82301	-0.24638	-0.16209,
-0.24638	-0.16209	 0.82301,
-0.28625	 0.79770	 0.21459,
-0.85479	-0.12222	-0.13678,
 0.85479	 0.12222	 0.13678,
 0.28625	-0.79770	-0.21459,
 0.24638	 0.16209	-0.82301,
 0.82301	 0.24638	 0.16209,
-0.13678	 0.85479	 0.12222,
 0.21459	 0.28625	-0.79770,
 0.16209	-0.82301	-0.24638,
-0.79770	-0.21459	-0.28625,
 0.12222	 0.13678	-0.85479,
-0.26094	 0.82949	 0.09043,
-0.82949	-0.09043	-0.26094,
 0.09043	 0.26094	-0.82949,
-0.40727	 0.77360	 0.00000,
 0.51266	 0.42222	-0.56855,
 0.51266	 0.42222	 0.56855,
-0.48401	 0.72217	-0.09238,
 0.43592	 0.37079	-0.66092,
-0.50865	-0.26227	-0.66092,
-0.48401	 0.72217	 0.09238,
 0.43592	 0.37079	 0.66092,
-0.50865	-0.26227	 0.66092,
-0.56074	 0.67074	 0.00000,
-0.58539	-0.31370	-0.56855,
-0.58539	-0.31370	 0.56855,
 0.58539	 0.31370	-0.56855,
 0.58539	 0.31370	 0.56855,
 0.56074	-0.67074	 0.00000,
 0.50865	 0.26227	-0.66092,
-0.43592	-0.37079	-0.66092,
 0.48401	-0.72217	-0.09238,
 0.50865	 0.26227	 0.66092,
-0.43592	-0.37079	 0.66092,
 0.48401	-0.72217	 0.09238,
-0.51266	-0.42222	-0.56855,
-0.51266	-0.42222	 0.56855,
 0.40727	-0.77360	 0.00000,
-0.40727	-0.77360	 0.00000,
 0.51266	-0.42222	-0.56855,
 0.51266	-0.42222	 0.56855,
-0.48401	-0.72217	-0.09238,
 0.43592	-0.37079	-0.66092,
-0.50865	 0.26227	-0.66092,
-0.48401	-0.72217	 0.09238,
 0.43592	-0.37079	 0.66092,
-0.50865	 0.26227	 0.66092,
-0.56074	-0.67074	 0.00000,
-0.58539	 0.31370	-0.56855,
-0.58539	 0.31370	 0.56855,
 0.58539	-0.31370	-0.56855,
 0.58539	-0.31370	 0.56855,
 0.56074	 0.67074	 0.00000,
 0.50865	-0.26227	-0.66092,
-0.43592	 0.37079	-0.66092,
 0.48401	 0.72217	-0.09238,
 0.50865	-0.26227	 0.66092,
-0.43592	 0.37079	 0.66092,
 0.48401	 0.72217	 0.09238,
-0.51266	 0.42222	-0.56855,
-0.51266	 0.42222	 0.56855,
 0.40727	 0.77360	 0.00000,
 0.00000	-0.40727	 0.77360,
-0.56855	 0.51266	 0.42222,
 0.56855	 0.51266	 0.42222,
-0.09238	-0.48401	 0.72217,
-0.66092	 0.43592	 0.37079,
-0.66092	-0.50865	-0.26227,
 0.09238	-0.48401	 0.72217,
 0.66092	 0.43592	 0.37079,
 0.66092	-0.50865	-0.26227,
 0.00000	-0.56074	 0.67074,
-0.56855	-0.58539	-0.31370,
 0.56855	-0.58539	-0.31370,
-0.56855	 0.58539	 0.31370,
 0.56855	 0.58539	 0.31370,
 0.00000	 0.56074	-0.67074,
-0.66092	 0.50865	 0.26227,
-0.66092	-0.43592	-0.37079,
-0.09238	 0.48401	-0.72217,
 0.66092	 0.50865	 0.26227,
 0.66092	-0.43592	-0.37079,
 0.09238	 0.48401	-0.72217,
-0.56855	-0.51266	-0.42222,
 0.56855	-0.51266	-0.42222,
 0.00000	 0.40727	-0.77360,
 0.00000	 0.40727	 0.77360,
-0.56855	-0.51266	 0.42222,
 0.56855	-0.51266	 0.42222,
-0.09238	 0.48401	 0.72217,
-0.66092	-0.43592	 0.37079,
-0.66092	 0.50865	-0.26227,
 0.09238	 0.48401	 0.72217,
 0.66092	-0.43592	 0.37079,
 0.66092	 0.50865	-0.26227,
 0.00000	 0.56074	 0.67074,
-0.56855	 0.58539	-0.31370,
 0.56855	 0.58539	-0.31370,
-0.56855	-0.58539	 0.31370,
 0.56855	-0.58539	 0.31370,
 0.00000	-0.56074	-0.67074,
-0.66092	-0.50865	 0.26227,
-0.66092	 0.43592	-0.37079,
-0.09238	-0.48401	-0.72217,
 0.66092	-0.50865	 0.26227,
 0.66092	 0.43592	-0.37079,
 0.09238	-0.48401	-0.72217,
-0.56855	 0.51266	-0.42222,
 0.56855	 0.51266	-0.42222,
 0.00000	-0.40727	-0.77360,
 0.09043	 0.26094	 0.82949,
-0.82949	-0.09043	 0.26094,
-0.26094	 0.82949	-0.09043,
 0.12222	 0.13678	 0.85479,
-0.79770	-0.21459	 0.28625,
 0.16209	-0.82301	 0.24638,
 0.21459	 0.28625	 0.79770,
-0.13678	 0.85479	-0.12222,
 0.82301	 0.24638	-0.16209,
 0.24638	 0.16209	 0.82301,
 0.28625	-0.79770	 0.21459,
 0.85479	 0.12222	-0.13678,
-0.85479	-0.12222	 0.13678,
-0.28625	 0.79770	-0.21459,
-0.24638	-0.16209	-0.82301,
-0.82301	-0.24638	 0.16209,
 0.13678	-0.85479	 0.12222,
-0.21459	-0.28625	-0.79770,
-0.16209	 0.82301	-0.24638,
 0.79770	 0.21459	-0.28625,
-0.12222	-0.13678	-0.85479,
 0.26094	-0.82949	 0.09043,
 0.82949	 0.09043	-0.26094,
-0.09043	-0.26094	-0.82949,
 0.09043	-0.26094	 0.82949,
-0.82949	 0.09043	 0.26094,
-0.26094	-0.82949	-0.09043,
 0.12222	-0.13678	 0.85479,
-0.79770	 0.21459	 0.28625,
 0.16209	 0.82301	 0.24638,
 0.21459	-0.28625	 0.79770,
-0.13678	-0.85479	-0.12222,
 0.82301	-0.24638	-0.16209,
 0.24638	-0.16209	 0.82301,
 0.28625	 0.79770	 0.21459,
 0.85479	-0.12222	-0.13678,
-0.85479	 0.12222	 0.13678,
-0.28625	-0.79770	-0.21459,
-0.24638	 0.16209	-0.82301,
-0.82301	 0.24638	 0.16209,
 0.13678	 0.85479	 0.12222,
-0.21459	 0.28625	-0.79770,
-0.16209	-0.82301	-0.24638,
 0.79770	-0.21459	-0.28625,
-0.12222	 0.13678	-0.85479,
 0.26094	 0.82949	 0.09043,
 0.82949	-0.09043	-0.26094,
-0.09043	 0.26094	-0.82949,
-0.42222	-0.56855	 0.51266,
-0.42222	 0.56855	 0.51266,
-0.77360	 0.00000	-0.40727,
-0.31370	-0.56855	 0.58539,
-0.31370	 0.56855	 0.58539,
 0.67074	 0.00000	 0.56074,
-0.37079	-0.66092	 0.43592,
-0.72217	-0.09238	-0.48401,
 0.26227	-0.66092	-0.50865,
-0.26227	-0.66092	 0.50865,
 0.72217	-0.09238	 0.48401,
 0.37079	-0.66092	-0.43592,
-0.37079	 0.66092	 0.43592,
-0.72217	 0.09238	-0.48401,
 0.26227	 0.66092	-0.50865,
-0.26227	 0.66092	 0.50865,
 0.72217	 0.09238	 0.48401,
 0.37079	 0.66092	-0.43592,
-0.67074	 0.00000	-0.56074,
 0.31370	-0.56855	-0.58539,
 0.31370	 0.56855	-0.58539,
 0.77360	 0.00000	 0.40727,
 0.42222	-0.56855	-0.51266,
 0.42222	 0.56855	-0.51266,
	]}

# Edges
Transform{ translation    0.39367   0.00000   0.58739  rotation    0.00000   0.00000   0.00000  3.14159  children[
	DEF EDGE  Shape{  appearance Appearance{ material Material{  diffuseColor 1.0  0.7  0  ambientIntensity .7  }}
			  geometry Cylinder{  radius .003  height    1.41422  }
			  }
	] }
Transform{ translation    0.61218  -0.35356   0.01532  rotation   -0.21851   0.35356   0.57207  3.14159  children[ USE EDGE ] }
Transform{ translation   -0.21851  -0.35356   0.57207  rotation    0.61218   0.35356   0.01532  3.14159  children[ USE EDGE ] }
Transform{ translation    0.00000  -0.70711   0.00000  rotation    0.39367   0.70711   0.58739  3.14159  children[ USE EDGE ] }
Transform{ translation    0.61218   0.35356   0.01532  rotation   -0.21851   1.06067   0.57207  3.14159  children[ USE EDGE ] }
Transform{ translation   -0.21851   0.35356   0.57207  rotation    0.61218   1.06067   0.01532  3.14159  children[ USE EDGE ] }
Transform{ translation    0.00000   0.70711   0.00000  rotation    0.39367   0.70711   0.58739  3.14159  children[ USE EDGE ] }
Transform{ translation    0.21851  -0.35356  -0.57207  rotation    0.61218   1.06067   0.01532  3.14159  children[ USE EDGE ] }
Transform{ translation    0.21851   0.35356  -0.57207  rotation    0.61218   0.35356   0.01532  3.14159  children[ USE EDGE ] }
Transform{ translation   -0.61218  -0.35356  -0.01532  rotation   -0.21851   1.06067   0.57207  3.14159  children[ USE EDGE ] }
Transform{ translation   -0.61218   0.35356  -0.01532  rotation   -0.21851   0.35356   0.57207  3.14159  children[ USE EDGE ] }
Transform{ translation   -0.39367   0.00000  -0.58739  rotation    0.00000   0.00000   0.00000  3.14159  children[ USE EDGE ] }
Transform{ translation    0.37835   0.02480   0.59686  rotation   -0.57206   0.92562   0.35356  3.14159  children[ USE EDGE ] }
Transform{ translation    0.02479   0.59685   0.37835  rotation   -0.21851   0.35356   0.57206  3.14159  children[ USE EDGE ] }
Transform{ translation   -0.21851  -0.35356   0.57206  rotation    0.02479   1.30397   0.37835  3.14159  children[ USE EDGE ] }
Transform{ translation   -0.57206   0.21851   0.35356  rotation    0.37835   0.73191   0.59686  3.14159  children[ USE EDGE ] }
Transform{ translation    0.59686   0.37835   0.02479  rotation    0.35356   0.13505   0.21851  3.14159  children[ USE EDGE ] }
Transform{ translation    0.35356  -0.57206   0.21851  rotation    0.59686   1.08546   0.02479  3.14159  children[ USE EDGE ] }
Transform{ translation    0.57206  -0.21851  -0.35356  rotation    0.37835   0.73191   0.59686  3.14159  children[ USE EDGE ] }
Transform{ translation   -0.35356   0.57206  -0.21851  rotation    0.59686   1.08546   0.02479  3.14159  children[ USE EDGE ] }
Transform{ translation    0.21851   0.35356  -0.57206  rotation    0.02479   1.30397   0.37835  3.14159  children[ USE EDGE ] }
Transform{ translation   -0.59686  -0.37835  -0.02479  rotation    0.35356   0.13505   0.21851  3.14159  children[ USE EDGE ] }
Transform{ translation   -0.02479  -0.59686  -0.37835  rotation   -0.21851   0.35356   0.57206  3.14159  children[ USE EDGE ] }
Transform{ translation   -0.37835  -0.02480  -0.59686  rotation   -0.57206   0.92562   0.35356  3.14159  children[ USE EDGE ] }
Transform{ translation    0.37835  -0.02480   0.59686  rotation   -0.57206   0.48861   0.35356  3.14159  children[ USE EDGE ] }
Transform{ translation    0.02479  -0.59686   0.37835  rotation   -0.21851   1.06067   0.57206  3.14159  children[ USE EDGE ] }
Transform{ translation   -0.21851   0.35356   0.57206  rotation    0.02479   0.11025   0.37835  3.14159  children[ USE EDGE ] }
Transform{ translation   -0.57206  -0.21851   0.35356  rotation    0.37835   0.68232   0.59686  3.14159  children[ USE EDGE ] }
Transform{ translation    0.59686  -0.37835   0.02479  rotation    0.35356   1.27917   0.21851  3.14159  children[ USE EDGE ] }
Transform{ translation    0.35356   0.57206   0.21851  rotation    0.59686   0.32876   0.02479  3.14159  children[ USE EDGE ] }
Transform{ translation    0.57206   0.21851  -0.35356  rotation    0.37835   0.68232   0.59686  3.14159  children[ USE EDGE ] }
Transform{ translation   -0.35356  -0.57206  -0.21851  rotation    0.59686   0.32876   0.02479  3.14159  children[ USE EDGE ] }
Transform{ translation    0.21851  -0.35356  -0.57206  rotation    0.02479   0.11025   0.37835  3.14159  children[ USE EDGE ] }
Transform{ translation   -0.59686   0.37835  -0.02479  rotation    0.35356   1.27917   0.21851  3.14159  children[ USE EDGE ] }
Transform{ translation   -0.02479   0.59685  -0.37835  rotation   -0.21851   1.06067   0.57206  3.14159  children[ USE EDGE ] }
Transform{ translation   -0.37835   0.02480  -0.59686  rotation   -0.57206   0.48861   0.35356  3.14159  children[ USE EDGE ] }
Transform{ translation    0.01532   0.61218  -0.35356  rotation   -0.57207   0.92562   0.35356  3.14159  children[ USE EDGE ] }
Transform{ translation    0.01532   0.61218   0.35356  rotation   -0.57207   0.92562  -0.35356  3.14159  children[ USE EDGE ] }
Transform{ translation   -0.57207   0.21851  -0.35356  rotation    0.01532   1.31929   0.35356  3.14159  children[ USE EDGE ] }
Transform{ translation   -0.57207   0.21851   0.35356  rotation    0.01532   1.31929  -0.35356  3.14159  children[ USE EDGE ] }
Transform{ translation    0.58739   0.39367   0.00000  rotation    0.00000   0.70711  -0.70711  3.14159  children[ USE EDGE ] }
Transform{ translation    0.00000   0.00000  -0.70711  rotation    0.58739   1.10078   0.00000  3.14159  children[ USE EDGE ] }
Transform{ translation    0.57207  -0.21851  -0.35356  rotation    0.01532   1.31929  -0.35356  3.14159  children[ USE EDGE ] }
Transform{ translation    0.00000   0.00000   0.70711  rotation    0.58739   1.10078   0.00000  3.14159  children[ USE EDGE ] }
Transform{ translation    0.57207  -0.21851   0.35356  rotation    0.01532   1.31929   0.35356  3.14159  children[ USE EDGE ] }
Transform{ translation   -0.58739  -0.39367   0.00000  rotation    0.00000   0.70711  -0.70711  3.14159  children[ USE EDGE ] }
Transform{ translation   -0.01532  -0.61218  -0.35356  rotation   -0.57207   0.92562  -0.35356  3.14159  children[ USE EDGE ] }
Transform{ translation   -0.01532  -0.61218   0.35356  rotation   -0.57207   0.92562   0.35356  3.14159  children[ USE EDGE ] }
Transform{ translation    0.01532  -0.61218  -0.35356  rotation   -0.57207   0.48860   0.35356  3.14159  children[ USE EDGE ] }
Transform{ translation    0.01532  -0.61218   0.35356  rotation   -0.57207   0.48860  -0.35356  3.14159  children[ USE EDGE ] }
Transform{ translation   -0.57207  -0.21851  -0.35356  rotation    0.01532   0.09493   0.35356  3.14159  children[ USE EDGE ] }
Transform{ translation   -0.57207  -0.21851   0.35356  rotation    0.01532   0.09493  -0.35356  3.14159  children[ USE EDGE ] }
Transform{ translation    0.58739  -0.39367   0.00000  rotation    0.00000   0.70711  -0.70711  3.14159  children[ USE EDGE ] }
Transform{ translation    0.00000   0.00000  -0.70711  rotation    0.58739   0.31344   0.00000  3.14159  children[ USE EDGE ] }
Transform{ translation    0.57207   0.21851  -0.35356  rotation    0.01532   0.09493  -0.35356  3.14159  children[ USE EDGE ] }
Transform{ translation    0.00000   0.00000   0.70711  rotation    0.58739   0.31344   0.00000  3.14159  children[ USE EDGE ] }
Transform{ translation    0.57207   0.21851   0.35356  rotation    0.01532   0.09493   0.35356  3.14159  children[ USE EDGE ] }
Transform{ translation   -0.58739   0.39367   0.00000  rotation    0.00000   0.70711  -0.70711  3.14159  children[ USE EDGE ] }
Transform{ translation   -0.01532   0.61218  -0.35356  rotation   -0.57207   0.48860  -0.35356  3.14159  children[ USE EDGE ] }
Transform{ translation   -0.01532   0.61218   0.35356  rotation   -0.57207   0.48860   0.35356  3.14159  children[ USE EDGE ] }
Transform{ translation   -0.35356   0.01532   0.61218  rotation    0.35356   0.13504   0.21851  3.14159  children[ USE EDGE ] }
Transform{ translation    0.35356   0.01532   0.61218  rotation   -0.35356   0.13504   0.21851  3.14159  children[ USE EDGE ] }
Transform{ translation   -0.35356  -0.57207   0.21851  rotation    0.35356   0.72243   0.61218  3.14159  children[ USE EDGE ] }
Transform{ translation    0.35356  -0.57207   0.21851  rotation   -0.35356   0.72243   0.61218  3.14159  children[ USE EDGE ] }
Transform{ translation    0.00000   0.58739   0.39367  rotation   -0.70711   0.70711   0.00000  3.14159  children[ USE EDGE ] }
Transform{ translation   -0.70711   0.00000   0.00000  rotation    0.00000   1.29450   0.39367  3.14159  children[ USE EDGE ] }
Transform{ translation   -0.35356   0.57207  -0.21851  rotation   -0.35356   0.72243   0.61218  3.14159  children[ USE EDGE ] }
Transform{ translation    0.70711   0.00000   0.00000  rotation    0.00000   1.29450   0.39367  3.14159  children[ USE EDGE ] }
Transform{ translation    0.35356   0.57207  -0.21851  rotation    0.35356   0.72243   0.61218  3.14159  children[ USE EDGE ] }
Transform{ translation    0.00000  -0.58739  -0.39367  rotation   -0.70711   0.70711   0.00000  3.14159  children[ USE EDGE ] }
Transform{ translation   -0.35356  -0.01532  -0.61218  rotation   -0.35356   0.13504   0.21851  3.14159  children[ USE EDGE ] }
Transform{ translation    0.35356  -0.01532  -0.61218  rotation    0.35356   0.13504   0.21851  3.14159  children[ USE EDGE ] }
Transform{ translation   -0.35356  -0.01532   0.61218  rotation    0.35356   1.27918   0.21851  3.14159  children[ USE EDGE ] }
Transform{ translation    0.35356  -0.01532   0.61218  rotation   -0.35356   1.27918   0.21851  3.14159  children[ USE EDGE ] }
Transform{ translation   -0.35356   0.57207   0.21851  rotation    0.35356   0.69179   0.61218  3.14159  children[ USE EDGE ] }
Transform{ translation    0.35356   0.57207   0.21851  rotation   -0.35356   0.69179   0.61218  3.14159  children[ USE EDGE ] }
Transform{ translation    0.00000  -0.58739   0.39367  rotation   -0.70711   0.70711   0.00000  3.14159  children[ USE EDGE ] }
Transform{ translation   -0.70711   0.00000   0.00000  rotation    0.00000   0.11972   0.39367  3.14159  children[ USE EDGE ] }
Transform{ translation   -0.35356  -0.57207  -0.21851  rotation   -0.35356   0.69179   0.61218  3.14159  children[ USE EDGE ] }
Transform{ translation    0.70711   0.00000   0.00000  rotation    0.00000   0.11972   0.39367  3.14159  children[ USE EDGE ] }
Transform{ translation    0.35356  -0.57207  -0.21851  rotation    0.35356   0.69179   0.61218  3.14159  children[ USE EDGE ] }
Transform{ translation    0.00000   0.58739  -0.39367  rotation   -0.70711   0.70711   0.00000  3.14159  children[ USE EDGE ] }
Transform{ translation   -0.35356   0.01532  -0.61218  rotation   -0.35356   1.27918   0.21851  3.14159  children[ USE EDGE ] }
Transform{ translation    0.35356   0.01532  -0.61218  rotation    0.35356   1.27918   0.21851  3.14159  children[ USE EDGE ] }
Transform{ translation   -0.37835   0.02480   0.59686  rotation    0.57206   0.92562   0.35356  3.14159  children[ USE EDGE ] }
Transform{ translation   -0.02479   0.59685   0.37835  rotation    0.21851   0.35356   0.57206  3.14159  children[ USE EDGE ] }
Transform{ translation    0.21851  -0.35356   0.57206  rotation   -0.02479   1.30397   0.37835  3.14159  children[ USE EDGE ] }
Transform{ translation    0.57206   0.21851   0.35356  rotation   -0.37835   0.73191   0.59686  3.14159  children[ USE EDGE ] }
Transform{ translation   -0.59686   0.37835   0.02479  rotation   -0.35356   0.13505   0.21851  3.14159  children[ USE EDGE ] }
Transform{ translation   -0.35356  -0.57206   0.21851  rotation   -0.59686   1.08546   0.02479  3.14159  children[ USE EDGE ] }
Transform{ translation   -0.57206  -0.21851  -0.35356  rotation   -0.37835   0.73191   0.59686  3.14159  children[ USE EDGE ] }
Transform{ translation    0.35356   0.57206  -0.21851  rotation   -0.59686   1.08546   0.02479  3.14159  children[ USE EDGE ] }
Transform{ translation   -0.21851   0.35356  -0.57206  rotation   -0.02479   1.30397   0.37835  3.14159  children[ USE EDGE ] }
Transform{ translation    0.59686  -0.37835  -0.02479  rotation   -0.35356   0.13505   0.21851  3.14159  children[ USE EDGE ] }
Transform{ translation    0.02479  -0.59686  -0.37835  rotation    0.21851   0.35356   0.57206  3.14159  children[ USE EDGE ] }
Transform{ translation    0.37835  -0.02480  -0.59686  rotation    0.57206   0.92562   0.35356  3.14159  children[ USE EDGE ] }
Transform{ translation   -0.37835  -0.02480   0.59686  rotation    0.57206   0.48861   0.35356  3.14159  children[ USE EDGE ] }
Transform{ translation   -0.02479  -0.59686   0.37835  rotation    0.21851   1.06067   0.57206  3.14159  children[ USE EDGE ] }
Transform{ translation    0.21851   0.35356   0.57206  rotation   -0.02479   0.11025   0.37835  3.14159  children[ USE EDGE ] }
Transform{ translation    0.57206  -0.21851   0.35356  rotation   -0.37835   0.68232   0.59686  3.14159  children[ USE EDGE ] }
Transform{ translation   -0.59686  -0.37835   0.02479  rotation   -0.35356   1.27917   0.21851  3.14159  children[ USE EDGE ] }
Transform{ translation   -0.35356   0.57206   0.21851  rotation   -0.59686   0.32876   0.02479  3.14159  children[ USE EDGE ] }
Transform{ translation   -0.57206   0.21851  -0.35356  rotation   -0.37835   0.68232   0.59686  3.14159  children[ USE EDGE ] }
Transform{ translation    0.35356  -0.57206  -0.21851  rotation   -0.59686   0.32876   0.02479  3.14159  children[ USE EDGE ] }
Transform{ translation   -0.21851  -0.35356  -0.57206  rotation   -0.02479   0.11025   0.37835  3.14159  children[ USE EDGE ] }
Transform{ translation    0.59686   0.37835  -0.02479  rotation   -0.35356   1.27917   0.21851  3.14159  children[ USE EDGE ] }
Transform{ translation    0.02479   0.59685  -0.37835  rotation    0.21851   1.06067   0.57206  3.14159  children[ USE EDGE ] }
Transform{ translation    0.37835   0.02480  -0.59686  rotation    0.57206   0.48861   0.35356  3.14159  children[ USE EDGE ] }
Transform{ translation   -0.39367   0.00000   0.58739  rotation    0.00000   0.00000   0.00000  3.14159  children[ USE EDGE ] }
Transform{ translation   -0.61218  -0.35356   0.01532  rotation    0.21851   0.35356   0.57207  3.14159  children[ USE EDGE ] }
Transform{ translation    0.21851  -0.35356   0.57207  rotation   -0.61218   0.35356   0.01532  3.14159  children[ USE EDGE ] }
Transform{ translation    0.00000  -0.70711   0.00000  rotation   -0.39367   0.70711   0.58739  3.14159  children[ USE EDGE ] }
Transform{ translation   -0.61218   0.35356   0.01532  rotation    0.21851   1.06067   0.57207  3.14159  children[ USE EDGE ] }
Transform{ translation    0.21851   0.35356   0.57207  rotation   -0.61218   1.06067   0.01532  3.14159  children[ USE EDGE ] }
Transform{ translation    0.00000   0.70711   0.00000  rotation   -0.39367   0.70711   0.58739  3.14159  children[ USE EDGE ] }
Transform{ translation   -0.21851  -0.35356  -0.57207  rotation   -0.61218   1.06067   0.01532  3.14159  children[ USE EDGE ] }
Transform{ translation   -0.21851   0.35356  -0.57207  rotation   -0.61218   0.35356   0.01532  3.14159  children[ USE EDGE ] }
Transform{ translation    0.61218  -0.35356  -0.01532  rotation    0.21851   1.06067   0.57207  3.14159  children[ USE EDGE ] }
Transform{ translation    0.61218   0.35356  -0.01532  rotation    0.21851   0.35356   0.57207  3.14159  children[ USE EDGE ] }
Transform{ translation    0.39367   0.00000  -0.58739  rotation    0.00000   0.00000   0.00000  3.14159  children[ USE EDGE ] }

# Faces
Transform{ children[

	# Outer faces
	Shape{  appearance Appearance{ material Material{ diffuseColor  1  0  0
			             ambientIntensity 1   transparency  .1       }}
		geometry IndexedFaceSet{   coord USE SC  coordIndex[
  1   2 142 141 -1
  2   3 143 142 -1
  3   1 141 143 -1
  1   2 145 144 -1
  2   4 146 145 -1
  4   1 144 146 -1
  1   3 148 147 -1
  3   5 149 148 -1
  5   1 147 149 -1
  1   4 151 150 -1
  4   5 152 151 -1
  5   1 150 152 -1
  2   3 154 153 -1
  3   6 155 154 -1
  6   2 153 155 -1
  2   4 157 156 -1
  4   6 158 157 -1
  6   2 156 158 -1
  3   5 160 159 -1
  5   6 161 160 -1
  6   3 159 161 -1
  4   5 163 162 -1
  5   6 164 163 -1
  6   4 162 164 -1
		]  convex FALSE  solid FALSE  }}

	Shape{  appearance Appearance{ material Material{ diffuseColor  0    1    0  
			            ambientIntensity 1    transparency   .1      }}
		geometry IndexedFaceSet{   coord USE SC  coordIndex[
  7   8 166 165 -1
  8   9 167 166 -1
  9   7 165 167 -1
  7   8 169 168 -1
  8  10 170 169 -1
 10   7 168 170 -1
  7   9 172 171 -1
  9  11 173 172 -1
 11   7 171 173 -1
  7  10 175 174 -1
 10  11 176 175 -1
 11   7 174 176 -1
  8   9 178 177 -1
  9  12 179 178 -1
 12   8 177 179 -1
  8  10 181 180 -1
 10  12 182 181 -1
 12   8 180 182 -1
  9  11 184 183 -1
 11  12 185 184 -1
 12   9 183 185 -1
 10  11 187 186 -1
 11  12 188 187 -1
 12  10 186 188 -1
		]  convex FALSE  solid FALSE  }}

	Shape{  appearance Appearance{ material Material{ diffuseColor  0    0    1  
			            ambientIntensity 1    transparency   .1      }}
		geometry IndexedFaceSet{   coord USE SC  coordIndex[
 13  14 190 189 -1
 14  15 191 190 -1
 15  13 189 191 -1
 13  14 193 192 -1
 14  16 194 193 -1
 16  13 192 194 -1
 13  15 196 195 -1
 15  17 197 196 -1
 17  13 195 197 -1
 13  16 199 198 -1
 16  17 200 199 -1
 17  13 198 200 -1
 14  15 202 201 -1
 15  18 203 202 -1
 18  14 201 203 -1
 14  16 205 204 -1
 16  18 206 205 -1
 18  14 204 206 -1
 15  17 208 207 -1
 17  18 209 208 -1
 18  15 207 209 -1
 16  17 211 210 -1
 17  18 212 211 -1
 18  16 210 212 -1
		]  convex FALSE  solid FALSE  }}

	Shape{  appearance Appearance{ material Material{ diffuseColor  0    0.4  0.4
			            ambientIntensity 1    transparency   .1      }}
		geometry IndexedFaceSet{   coord USE SC  coordIndex[
 19  20 214 213 -1
 20  21 215 214 -1
 21  19 213 215 -1
 19  20 217 216 -1
 20  22 218 217 -1
 22  19 216 218 -1
 19  21 220 219 -1
 21  23 221 220 -1
 23  19 219 221 -1
 19  22 223 222 -1
 22  23 224 223 -1
 23  19 222 224 -1
 20  21 226 225 -1
 21  24 227 226 -1
 24  20 225 227 -1
 20  22 229 228 -1
 22  24 230 229 -1
 24  20 228 230 -1
 21  23 232 231 -1
 23  24 233 232 -1
 24  21 231 233 -1
 22  23 235 234 -1
 23  24 236 235 -1
 24  22 234 236 -1
		]  convex FALSE  solid FALSE  }}

	Shape{  appearance Appearance{ material Material{ diffuseColor  0.4  0    0.4
			            ambientIntensity 1    transparency   .1      }}
		geometry IndexedFaceSet{   coord USE SC  coordIndex[
 25  26 238 237 -1
 26  27 239 238 -1
 27  25 237 239 -1
 25  26 241 240 -1
 26  28 242 241 -1
 28  25 240 242 -1
 25  27 244 243 -1
 27  29 245 244 -1
 29  25 243 245 -1
 25  28 247 246 -1
 28  29 248 247 -1
 29  25 246 248 -1
 26  27 250 249 -1
 27  30 251 250 -1
 30  26 249 251 -1
 26  28 253 252 -1
 28  30 254 253 -1
 30  26 252 254 -1
 27  29 256 255 -1
 29  30 257 256 -1
 30  27 255 257 -1
 28  29 259 258 -1
 29  30 260 259 -1
 30  28 258 260 -1
		]  convex FALSE  solid FALSE  }}

	Shape{  appearance Appearance{ material Material{ diffuseColor  0.8  0.4  0  
			            ambientIntensity 1    transparency   .1      }}
		geometry IndexedFaceSet{   coord USE SC  coordIndex[
 31  32 262 261 -1
 32  33 263 262 -1
 33  31 261 263 -1
 31  32 265 264 -1
 32  34 266 265 -1
 34  31 264 266 -1
 31  33 268 267 -1
 33  35 269 268 -1
 35  31 267 269 -1
 31  34 271 270 -1
 34  35 272 271 -1
 35  31 270 272 -1
 32  33 274 273 -1
 33  36 275 274 -1
 36  32 273 275 -1
 32  34 277 276 -1
 34  36 278 277 -1
 36  32 276 278 -1
 33  35 280 279 -1
 35  36 281 280 -1
 36  33 279 281 -1
 34  35 283 282 -1
 35  36 284 283 -1
 36  34 282 284 -1
		]  convex FALSE  solid FALSE  }}

	Shape{  appearance Appearance{ material Material{ diffuseColor  0.5  0.8  0  
			            ambientIntensity 1    transparency   .1      }}
		geometry IndexedFaceSet{   coord USE SC  coordIndex[
 37  38 286 285 -1
 38  39 287 286 -1
 39  37 285 287 -1
 37  38 289 288 -1
 38  40 290 289 -1
 40  37 288 290 -1
 37  39 292 291 -1
 39  41 293 292 -1
 41  37 291 293 -1
 37  40 295 294 -1
 40  41 296 295 -1
 41  37 294 296 -1
 38  39 298 297 -1
 39  42 299 298 -1
 42  38 297 299 -1
 38  40 301 300 -1
 40  42 302 301 -1
 42  38 300 302 -1
 39  41 304 303 -1
 41  42 305 304 -1
 42  39 303 305 -1
 40  41 307 306 -1
 41  42 308 307 -1
 42  40 306 308 -1
		]  convex FALSE  solid FALSE  }}

	Shape{  appearance Appearance{ material Material{ diffuseColor  0    0.8  0.5
			            ambientIntensity 1    transparency   .1      }}
		geometry IndexedFaceSet{   coord USE SC  coordIndex[
 43  44 310 309 -1
 44  45 311 310 -1
 45  43 309 311 -1
 43  44 313 312 -1
 44  46 314 313 -1
 46  43 312 314 -1
 43  45 316 315 -1
 45  47 317 316 -1
 47  43 315 317 -1
 43  46 319 318 -1
 46  47 320 319 -1
 47  43 318 320 -1
 44  45 322 321 -1
 45  48 323 322 -1
 48  44 321 323 -1
 44  46 325 324 -1
 46  48 326 325 -1
 48  44 324 326 -1
 45  47 328 327 -1
 47  48 329 328 -1
 48  45 327 329 -1
 46  47 331 330 -1
 47  48 332 331 -1
 48  46 330 332 -1
		]  convex FALSE  solid FALSE  }}

	Shape{  appearance Appearance{ material Material{ diffuseColor  1    0    0.5
			            ambientIntensity 1    transparency   .1      }}
		geometry IndexedFaceSet{   coord USE SC  coordIndex[
 49  50 334 333 -1
 50  51 335 334 -1
 51  49 333 335 -1
 49  50 337 336 -1
 50  52 338 337 -1
 52  49 336 338 -1
 49  51 340 339 -1
 51  53 341 340 -1
 53  49 339 341 -1
 49  52 343 342 -1
 52  53 344 343 -1
 53  49 342 344 -1
 50  51 346 345 -1
 51  54 347 346 -1
 54  50 345 347 -1
 50  52 349 348 -1
 52  54 350 349 -1
 54  50 348 350 -1
 51  53 352 351 -1
 53  54 353 352 -1
 54  51 351 353 -1
 52  53 355 354 -1
 53  54 356 355 -1
 54  52 354 356 -1
		]  convex FALSE  solid FALSE  }}

	Shape{  appearance Appearance{ material Material{ diffuseColor  1    1    1  
			            ambientIntensity 1    transparency   .1      }}
		geometry IndexedFaceSet{   coord USE SC  coordIndex[
 55  56 358 357 -1
 56  57 359 358 -1
 57  55 357 359 -1
 55  56 361 360 -1
 56  58 362 361 -1
 58  55 360 362 -1
 55  57 364 363 -1
 57  59 365 364 -1
 59  55 363 365 -1
 55  58 367 366 -1
 58  59 368 367 -1
 59  55 366 368 -1
 56  57 370 369 -1
 57  60 371 370 -1
 60  56 369 371 -1
 56  58 373 372 -1
 58  60 374 373 -1
 60  56 372 374 -1
 57  59 376 375 -1
 59  60 377 376 -1
 60  57 375 377 -1
 58  59 379 378 -1
 59  60 380 379 -1
 60  58 378 380 -1
		]  convex FALSE  solid FALSE  }}

	# Equatorial faces
	Shape{  appearance Appearance{ material Material{ diffuseColor 0 0 1  ambientIntensity 1
			transparency .1
			}}
		geometry IndexedFaceSet{
			coord USE SC  coordIndex[
		]  convex FALSE  solid FALSE  }}

	]}
