#VRML V2.0 utf8

NavigationInfo{
  type  "EXAMINE"
  }

Viewpoint{ position 4 0 0  orientation  1 1 1 2.0944  fieldOfView 0.6 }

Background{	skyColor .8 .9 1 }

#Inline{ url[ "../Lights.wrl" ]}
DirectionalLight{	direction -1 -1 -1	}
DirectionalLight{	direction  1  1  1	}


DEF SC Coordinate{ point[
 0.00000	 0.00000	 0.00000,
# A verts
 0.39367	-0.70711	 0.58739,
 0.39367	 0.70711	 0.58739,
 0.83069	 0.00000	-0.55674,
-0.83069	-0.00000	 0.55674,
-0.39367	-0.70711	-0.58739,
-0.39367	 0.70711	-0.58739,
-0.19371	 0.24330	 0.95041,
 0.95041	-0.19371	 0.24330,
 0.24330	 0.95041	-0.19371,
-0.24330	-0.95041	 0.19371,
-0.95041	 0.19371	-0.24330,
 0.19371	-0.24330	-0.95041,
-0.19371	-0.24330	 0.95041,
 0.95041	 0.19371	 0.24330,
 0.24330	-0.95041	-0.19371,
-0.24330	 0.95041	 0.19371,
-0.95041	-0.19371	-0.24330,
 0.19371	 0.24330	-0.95041,
-0.55674	 0.83069	 0.00000,
 0.58739	 0.39367	-0.70711,
 0.58739	 0.39367	 0.70711,
-0.58739	-0.39367	-0.70711,
-0.58739	-0.39367	 0.70711,
 0.55674	-0.83069	-0.00000,
-0.55674	-0.83069	 0.00000,
 0.58739	-0.39367	-0.70711,
 0.58739	-0.39367	 0.70711,
-0.58739	 0.39367	-0.70711,
-0.58739	 0.39367	 0.70711,
 0.55674	 0.83069	-0.00000,
 0.00000	-0.55674	 0.83069,
-0.70711	 0.58739	 0.39367,
 0.70711	 0.58739	 0.39367,
-0.70711	-0.58739	-0.39367,
 0.70711	-0.58739	-0.39367,
-0.00000	 0.55674	-0.83069,
 0.00000	 0.55674	 0.83069,
-0.70711	-0.58739	 0.39367,
 0.70711	-0.58739	 0.39367,
-0.70711	 0.58739	-0.39367,
 0.70711	 0.58739	-0.39367,
-0.00000	-0.55674	-0.83069,
 0.19371	 0.24330	 0.95041,
-0.95041	-0.19371	 0.24330,
-0.24330	 0.95041	-0.19371,
 0.24330	-0.95041	 0.19371,
 0.95041	 0.19371	-0.24330,
-0.19371	-0.24330	-0.95041,
 0.19371	-0.24330	 0.95041,
-0.95041	 0.19371	 0.24330,
-0.24330	-0.95041	-0.19371,
 0.24330	 0.95041	 0.19371,
 0.95041	-0.19371	-0.24330,
-0.19371	 0.24330	-0.95041,
-0.39367	-0.70711	 0.58739,
-0.39367	 0.70711	 0.58739,
-0.83069	 0.00000	-0.55674,
 0.83069	-0.00000	 0.55674,
 0.39367	-0.70711	-0.58739,
 0.39367	 0.70711	-0.58739,
# B verts
# O Centers
 0.53934	 0.00000	 0.20601,
-0.01445	 0.00000	 0.57717,
 0.27690	-0.47141	-0.18558,
-0.27690	-0.47141	 0.18558,
 0.27690	 0.47141	-0.18558,
-0.27690	 0.47141	 0.18558,
 0.01445	 0.00000	-0.57717,
-0.53934	 0.00000	-0.20601,
 0.33333	 0.33333	 0.33333,
 0.17113	-0.30027	 0.46247,
-0.30027	 0.46247	 0.17113,
-0.46247	-0.17113	 0.30027,
 0.46247	 0.17113	-0.30027,
 0.30027	-0.46247	-0.17113,
-0.17113	 0.30027	-0.46247,
-0.33333	-0.33333	-0.33333,
 0.33333	-0.33333	 0.33333,
 0.17113	 0.30027	 0.46247,
-0.30027	-0.46247	 0.17113,
-0.46247	 0.17113	 0.30027,
 0.46247	-0.17113	-0.30027,
 0.30027	 0.46247	-0.17113,
-0.17113	-0.30027	-0.46247,
-0.33333	 0.33333	-0.33333,
 0.20601	 0.53934	 0.00000,
-0.18558	 0.27690	-0.47141,
-0.18558	 0.27690	 0.47141,
-0.57717	 0.01445	 0.00000,
 0.57717	-0.01445	 0.00000,
 0.18558	-0.27690	-0.47141,
 0.18558	-0.27690	 0.47141,
-0.20601	-0.53934	 0.00000,
 0.20601	-0.53934	 0.00000,
-0.18558	-0.27690	-0.47141,
-0.18558	-0.27690	 0.47141,
-0.57717	-0.01445	 0.00000,
 0.57717	 0.01445	 0.00000,
 0.18558	 0.27690	-0.47141,
 0.18558	 0.27690	 0.47141,
-0.20601	 0.53934	 0.00000,
 0.00000	 0.20601	 0.53934,
-0.47141	-0.18558	 0.27690,
 0.47141	-0.18558	 0.27690,
 0.00000	-0.57717	 0.01445,
 0.00000	 0.57717	-0.01445,
-0.47141	 0.18558	-0.27690,
 0.47141	 0.18558	-0.27690,
 0.00000	-0.20601	-0.53934,
 0.00000	-0.20601	 0.53934,
-0.47141	 0.18558	 0.27690,
 0.47141	 0.18558	 0.27690,
 0.00000	 0.57717	 0.01445,
 0.00000	-0.57717	-0.01445,
-0.47141	-0.18558	-0.27690,
 0.47141	-0.18558	-0.27690,
 0.00000	 0.20601	-0.53934,
-0.33333	 0.33333	 0.33333,
-0.17113	-0.30027	 0.46247,
 0.30027	 0.46247	 0.17113,
 0.46247	-0.17113	 0.30027,
-0.46247	 0.17113	-0.30027,
-0.30027	-0.46247	-0.17113,
 0.17113	 0.30027	-0.46247,
 0.33333	-0.33333	-0.33333,
-0.33333	-0.33333	 0.33333,
-0.17113	 0.30027	 0.46247,
 0.30027	-0.46247	 0.17113,
 0.46247	 0.17113	 0.30027,
-0.46247	-0.17113	-0.30027,
-0.30027	 0.46247	-0.17113,
 0.17113	-0.30027	-0.46247,
 0.33333	 0.33333	-0.33333,
-0.53934	 0.00000	 0.20601,
 0.01445	 0.00000	 0.57717,
-0.27690	-0.47141	-0.18558,
 0.27690	-0.47141	 0.18558,
-0.27690	 0.47141	-0.18558,
 0.27690	 0.47141	 0.18558,
-0.01445	 0.00000	-0.57717,
 0.53934	 0.00000	-0.20601,
# O Strip verts
 0.42222	-0.56855	 0.51266,
 0.42222	 0.56855	 0.51266,
 0.77360	 0.00000	-0.40727,
 0.31370	-0.56855	 0.58539,
 0.31370	 0.56855	 0.58539,
-0.67074	 0.00000	 0.56074,
 0.37079	-0.66092	 0.43592,
 0.72217	-0.09238	-0.48401,
-0.26227	-0.66092	-0.50865,
 0.26227	-0.66092	 0.50865,
-0.72217	-0.09238	 0.48401,
-0.37079	-0.66092	-0.43592,
 0.37079	 0.66092	 0.43592,
 0.72217	 0.09238	-0.48401,
-0.26227	 0.66092	-0.50865,
 0.26227	 0.66092	 0.50865,
-0.72217	 0.09238	 0.48401,
-0.37079	 0.66092	-0.43592,
 0.67074	 0.00000	-0.56074,
-0.31370	-0.56855	-0.58539,
-0.31370	 0.56855	-0.58539,
-0.77360	 0.00000	 0.40727,
-0.42222	-0.56855	-0.51266,
-0.42222	 0.56855	-0.51266,
-0.09043	 0.26094	 0.82949,
 0.82949	-0.09043	 0.26094,
 0.26094	 0.82949	-0.09043,
-0.12222	 0.13678	 0.85479,
 0.79770	-0.21459	 0.28625,
-0.16209	-0.82301	 0.24638,
-0.21459	 0.28625	 0.79770,
 0.13678	 0.85479	-0.12222,
-0.82301	 0.24638	-0.16209,
-0.24638	 0.16209	 0.82301,
-0.28625	-0.79770	 0.21459,
-0.85479	 0.12222	-0.13678,
 0.85479	-0.12222	 0.13678,
 0.28625	 0.79770	-0.21459,
 0.24638	-0.16209	-0.82301,
 0.82301	-0.24638	 0.16209,
-0.13678	-0.85479	 0.12222,
 0.21459	-0.28625	-0.79770,
 0.16209	 0.82301	-0.24638,
-0.79770	 0.21459	-0.28625,
 0.12222	-0.13678	-0.85479,
-0.26094	-0.82949	 0.09043,
-0.82949	 0.09043	-0.26094,
 0.09043	-0.26094	-0.82949,
-0.09043	-0.26094	 0.82949,
 0.82949	 0.09043	 0.26094,
 0.26094	-0.82949	-0.09043,
-0.12222	-0.13678	 0.85479,
 0.79770	 0.21459	 0.28625,
-0.16209	 0.82301	 0.24638,
-0.21459	-0.28625	 0.79770,
 0.13678	-0.85479	-0.12222,
-0.82301	-0.24638	-0.16209,
-0.24638	-0.16209	 0.82301,
-0.28625	 0.79770	 0.21459,
-0.85479	-0.12222	-0.13678,
 0.85479	 0.12222	 0.13678,
 0.28625	-0.79770	-0.21459,
 0.24638	 0.16209	-0.82301,
 0.82301	 0.24638	 0.16209,
-0.13678	 0.85479	 0.12222,
 0.21459	 0.28625	-0.79770,
 0.16209	-0.82301	-0.24638,
-0.79770	-0.21459	-0.28625,
 0.12222	 0.13678	-0.85479,
-0.26094	 0.82949	 0.09043,
-0.82949	-0.09043	-0.26094,
 0.09043	 0.26094	-0.82949,
-0.40727	 0.77360	 0.00000,
 0.51266	 0.42222	-0.56855,
 0.51266	 0.42222	 0.56855,
-0.48401	 0.72217	-0.09238,
 0.43592	 0.37079	-0.66092,
-0.50865	-0.26227	-0.66092,
-0.48401	 0.72217	 0.09238,
 0.43592	 0.37079	 0.66092,
-0.50865	-0.26227	 0.66092,
-0.56074	 0.67074	 0.00000,
-0.58539	-0.31370	-0.56855,
-0.58539	-0.31370	 0.56855,
 0.58539	 0.31370	-0.56855,
 0.58539	 0.31370	 0.56855,
 0.56074	-0.67074	 0.00000,
 0.50865	 0.26227	-0.66092,
-0.43592	-0.37079	-0.66092,
 0.48401	-0.72217	-0.09238,
 0.50865	 0.26227	 0.66092,
-0.43592	-0.37079	 0.66092,
 0.48401	-0.72217	 0.09238,
-0.51266	-0.42222	-0.56855,
-0.51266	-0.42222	 0.56855,
 0.40727	-0.77360	 0.00000,
-0.40727	-0.77360	 0.00000,
 0.51266	-0.42222	-0.56855,
 0.51266	-0.42222	 0.56855,
-0.48401	-0.72217	-0.09238,
 0.43592	-0.37079	-0.66092,
-0.50865	 0.26227	-0.66092,
-0.48401	-0.72217	 0.09238,
 0.43592	-0.37079	 0.66092,
-0.50865	 0.26227	 0.66092,
-0.56074	-0.67074	 0.00000,
-0.58539	 0.31370	-0.56855,
-0.58539	 0.31370	 0.56855,
 0.58539	-0.31370	-0.56855,
 0.58539	-0.31370	 0.56855,
 0.56074	 0.67074	 0.00000,
 0.50865	-0.26227	-0.66092,
-0.43592	 0.37079	-0.66092,
 0.48401	 0.72217	-0.09238,
 0.50865	-0.26227	 0.66092,
-0.43592	 0.37079	 0.66092,
 0.48401	 0.72217	 0.09238,
-0.51266	 0.42222	-0.56855,
-0.51266	 0.42222	 0.56855,
 0.40727	 0.77360	 0.00000,
 0.00000	-0.40727	 0.77360,
-0.56855	 0.51266	 0.42222,
 0.56855	 0.51266	 0.42222,
-0.09238	-0.48401	 0.72217,
-0.66092	 0.43592	 0.37079,
-0.66092	-0.50865	-0.26227,
 0.09238	-0.48401	 0.72217,
 0.66092	 0.43592	 0.37079,
 0.66092	-0.50865	-0.26227,
 0.00000	-0.56074	 0.67074,
-0.56855	-0.58539	-0.31370,
 0.56855	-0.58539	-0.31370,
-0.56855	 0.58539	 0.31370,
 0.56855	 0.58539	 0.31370,
 0.00000	 0.56074	-0.67074,
-0.66092	 0.50865	 0.26227,
-0.66092	-0.43592	-0.37079,
-0.09238	 0.48401	-0.72217,
 0.66092	 0.50865	 0.26227,
 0.66092	-0.43592	-0.37079,
 0.09238	 0.48401	-0.72217,
-0.56855	-0.51266	-0.42222,
 0.56855	-0.51266	-0.42222,
 0.00000	 0.40727	-0.77360,
 0.00000	 0.40727	 0.77360,
-0.56855	-0.51266	 0.42222,
 0.56855	-0.51266	 0.42222,
-0.09238	 0.48401	 0.72217,
-0.66092	-0.43592	 0.37079,
-0.66092	 0.50865	-0.26227,
 0.09238	 0.48401	 0.72217,
 0.66092	-0.43592	 0.37079,
 0.66092	 0.50865	-0.26227,
 0.00000	 0.56074	 0.67074,
-0.56855	 0.58539	-0.31370,
 0.56855	 0.58539	-0.31370,
-0.56855	-0.58539	 0.31370,
 0.56855	-0.58539	 0.31370,
 0.00000	-0.56074	-0.67074,
-0.66092	-0.50865	 0.26227,
-0.66092	 0.43592	-0.37079,
-0.09238	-0.48401	-0.72217,
 0.66092	-0.50865	 0.26227,
 0.66092	 0.43592	-0.37079,
 0.09238	-0.48401	-0.72217,
-0.56855	 0.51266	-0.42222,
 0.56855	 0.51266	-0.42222,
 0.00000	-0.40727	-0.77360,
 0.09043	 0.26094	 0.82949,
-0.82949	-0.09043	 0.26094,
-0.26094	 0.82949	-0.09043,
 0.12222	 0.13678	 0.85479,
-0.79770	-0.21459	 0.28625,
 0.16209	-0.82301	 0.24638,
 0.21459	 0.28625	 0.79770,
-0.13678	 0.85479	-0.12222,
 0.82301	 0.24638	-0.16209,
 0.24638	 0.16209	 0.82301,
 0.28625	-0.79770	 0.21459,
 0.85479	 0.12222	-0.13678,
-0.85479	-0.12222	 0.13678,
-0.28625	 0.79770	-0.21459,
-0.24638	-0.16209	-0.82301,
-0.82301	-0.24638	 0.16209,
 0.13678	-0.85479	 0.12222,
-0.21459	-0.28625	-0.79770,
-0.16209	 0.82301	-0.24638,
 0.79770	 0.21459	-0.28625,
-0.12222	-0.13678	-0.85479,
 0.26094	-0.82949	 0.09043,
 0.82949	 0.09043	-0.26094,
-0.09043	-0.26094	-0.82949,
 0.09043	-0.26094	 0.82949,
-0.82949	 0.09043	 0.26094,
-0.26094	-0.82949	-0.09043,
 0.12222	-0.13678	 0.85479,
-0.79770	 0.21459	 0.28625,
 0.16209	 0.82301	 0.24638,
 0.21459	-0.28625	 0.79770,
-0.13678	-0.85479	-0.12222,
 0.82301	-0.24638	-0.16209,
 0.24638	-0.16209	 0.82301,
 0.28625	 0.79770	 0.21459,
 0.85479	-0.12222	-0.13678,
-0.85479	 0.12222	 0.13678,
-0.28625	-0.79770	-0.21459,
-0.24638	 0.16209	-0.82301,
-0.82301	 0.24638	 0.16209,
 0.13678	 0.85479	 0.12222,
-0.21459	 0.28625	-0.79770,
-0.16209	-0.82301	-0.24638,
 0.79770	-0.21459	-0.28625,
-0.12222	 0.13678	-0.85479,
 0.26094	 0.82949	 0.09043,
 0.82949	-0.09043	-0.26094,
-0.09043	 0.26094	-0.82949,
-0.42222	-0.56855	 0.51266,
-0.42222	 0.56855	 0.51266,
-0.77360	 0.00000	-0.40727,
-0.31370	-0.56855	 0.58539,
-0.31370	 0.56855	 0.58539,
 0.67074	 0.00000	 0.56074,
-0.37079	-0.66092	 0.43592,
-0.72217	-0.09238	-0.48401,
 0.26227	-0.66092	-0.50865,
-0.26227	-0.66092	 0.50865,
 0.72217	-0.09238	 0.48401,
 0.37079	-0.66092	-0.43592,
-0.37079	 0.66092	 0.43592,
-0.72217	 0.09238	-0.48401,
 0.26227	 0.66092	-0.50865,
-0.26227	 0.66092	 0.50865,
 0.72217	 0.09238	 0.48401,
 0.37079	 0.66092	-0.43592,
-0.67074	 0.00000	-0.56074,
 0.31370	-0.56855	-0.58539,
 0.31370	 0.56855	-0.58539,
 0.77360	 0.00000	 0.40727,
 0.42222	-0.56855	-0.51266,
 0.42222	 0.56855	-0.51266,
	]}

# Edges
Transform{ translation    0.39367   0.00000   0.58739  rotation    0.00000   0.00000   0.00000  3.14159  children[
	DEF EDGE  Shape{  appearance Appearance{ material Material{  diffuseColor 1.0  0.7  0  ambientIntensity .7  }}
			  geometry Cylinder{  radius .003  height    1.41422  }
			  }
	] }
Transform{ translation    0.61218  -0.35356   0.01532  rotation   -0.21851   0.35356   0.57207  3.14159  children[ USE EDGE ] }
Transform{ translation   -0.21851  -0.35356   0.57207  rotation    0.61218   0.35356   0.01532  3.14159  children[ USE EDGE ] }
Transform{ translation    0.00000  -0.70711   0.00000  rotation    0.39367   0.70711   0.58739  3.14159  children[ USE EDGE ] }
Transform{ translation    0.61218   0.35356   0.01532  rotation   -0.21851   1.06067   0.57207  3.14159  children[ USE EDGE ] }
Transform{ translation   -0.21851   0.35356   0.57207  rotation    0.61218   1.06067   0.01532  3.14159  children[ USE EDGE ] }
Transform{ translation    0.00000   0.70711   0.00000  rotation    0.39367   0.70711   0.58739  3.14159  children[ USE EDGE ] }
Transform{ translation    0.21851  -0.35356  -0.57207  rotation    0.61218   1.06067   0.01532  3.14159  children[ USE EDGE ] }
Transform{ translation    0.21851   0.35356  -0.57207  rotation    0.61218   0.35356   0.01532  3.14159  children[ USE EDGE ] }
Transform{ translation   -0.61218  -0.35356  -0.01532  rotation   -0.21851   1.06067   0.57207  3.14159  children[ USE EDGE ] }
Transform{ translation   -0.61218   0.35356  -0.01532  rotation   -0.21851   0.35356   0.57207  3.14159  children[ USE EDGE ] }
Transform{ translation   -0.39367   0.00000  -0.58739  rotation    0.00000   0.00000   0.00000  3.14159  children[ USE EDGE ] }
Transform{ translation    0.37835   0.02480   0.59686  rotation   -0.57206   0.92562   0.35356  3.14159  children[ USE EDGE ] }
Transform{ translation    0.02479   0.59685   0.37835  rotation   -0.21851   0.35356   0.57206  3.14159  children[ USE EDGE ] }
Transform{ translation   -0.21851  -0.35356   0.57206  rotation    0.02479   1.30397   0.37835  3.14159  children[ USE EDGE ] }
Transform{ translation   -0.57206   0.21851   0.35356  rotation    0.37835   0.73191   0.59686  3.14159  children[ USE EDGE ] }
Transform{ translation    0.59686   0.37835   0.02479  rotation    0.35356   0.13505   0.21851  3.14159  children[ USE EDGE ] }
Transform{ translation    0.35356  -0.57206   0.21851  rotation    0.59686   1.08546   0.02479  3.14159  children[ USE EDGE ] }
Transform{ translation    0.57206  -0.21851  -0.35356  rotation    0.37835   0.73191   0.59686  3.14159  children[ USE EDGE ] }
Transform{ translation   -0.35356   0.57206  -0.21851  rotation    0.59686   1.08546   0.02479  3.14159  children[ USE EDGE ] }
Transform{ translation    0.21851   0.35356  -0.57206  rotation    0.02479   1.30397   0.37835  3.14159  children[ USE EDGE ] }
Transform{ translation   -0.59686  -0.37835  -0.02479  rotation    0.35356   0.13505   0.21851  3.14159  children[ USE EDGE ] }
Transform{ translation   -0.02479  -0.59686  -0.37835  rotation   -0.21851   0.35356   0.57206  3.14159  children[ USE EDGE ] }
Transform{ translation   -0.37835  -0.02480  -0.59686  rotation   -0.57206   0.92562   0.35356  3.14159  children[ USE EDGE ] }
Transform{ translation    0.37835  -0.02480   0.59686  rotation   -0.57206   0.48861   0.35356  3.14159  children[ USE EDGE ] }
Transform{ translation    0.02479  -0.59686   0.37835  rotation   -0.21851   1.06067   0.57206  3.14159  children[ USE EDGE ] }
Transform{ translation   -0.21851   0.35356   0.57206  rotation    0.02479   0.11025   0.37835  3.14159  children[ USE EDGE ] }
Transform{ translation   -0.57206  -0.21851   0.35356  rotation    0.37835   0.68232   0.59686  3.14159  children[ USE EDGE ] }
Transform{ translation    0.59686  -0.37835   0.02479  rotation    0.35356   1.27917   0.21851  3.14159  children[ USE EDGE ] }
Transform{ translation    0.35356   0.57206   0.21851  rotation    0.59686   0.32876   0.02479  3.14159  children[ USE EDGE ] }
Transform{ translation    0.57206   0.21851  -0.35356  rotation    0.37835   0.68232   0.59686  3.14159  children[ USE EDGE ] }
Transform{ translation   -0.35356  -0.57206  -0.21851  rotation    0.59686   0.32876   0.02479  3.14159  children[ USE EDGE ] }
Transform{ translation    0.21851  -0.35356  -0.57206  rotation    0.02479   0.11025   0.37835  3.14159  children[ USE EDGE ] }
Transform{ translation   -0.59686   0.37835  -0.02479  rotation    0.35356   1.27917   0.21851  3.14159  children[ USE EDGE ] }
Transform{ translation   -0.02479   0.59685  -0.37835  rotation   -0.21851   1.06067   0.57206  3.14159  children[ USE EDGE ] }
Transform{ translation   -0.37835   0.02480  -0.59686  rotation   -0.57206   0.48861   0.35356  3.14159  children[ USE EDGE ] }
Transform{ translation    0.01532   0.61218  -0.35356  rotation   -0.57207   0.92562   0.35356  3.14159  children[ USE EDGE ] }
Transform{ translation    0.01532   0.61218   0.35356  rotation   -0.57207   0.92562  -0.35356  3.14159  children[ USE EDGE ] }
Transform{ translation   -0.57207   0.21851  -0.35356  rotation    0.01532   1.31929   0.35356  3.14159  children[ USE EDGE ] }
Transform{ translation   -0.57207   0.21851   0.35356  rotation    0.01532   1.31929  -0.35356  3.14159  children[ USE EDGE ] }
Transform{ translation    0.58739   0.39367   0.00000  rotation    0.00000   0.70711  -0.70711  3.14159  children[ USE EDGE ] }
Transform{ translation    0.00000   0.00000  -0.70711  rotation    0.58739   1.10078   0.00000  3.14159  children[ USE EDGE ] }
Transform{ translation    0.57207  -0.21851  -0.35356  rotation    0.01532   1.31929  -0.35356  3.14159  children[ USE EDGE ] }
Transform{ translation    0.00000   0.00000   0.70711  rotation    0.58739   1.10078   0.00000  3.14159  children[ USE EDGE ] }
Transform{ translation    0.57207  -0.21851   0.35356  rotation    0.01532   1.31929   0.35356  3.14159  children[ USE EDGE ] }
Transform{ translation   -0.58739  -0.39367   0.00000  rotation    0.00000   0.70711  -0.70711  3.14159  children[ USE EDGE ] }
Transform{ translation   -0.01532  -0.61218  -0.35356  rotation   -0.57207   0.92562  -0.35356  3.14159  children[ USE EDGE ] }
Transform{ translation   -0.01532  -0.61218   0.35356  rotation   -0.57207   0.92562   0.35356  3.14159  children[ USE EDGE ] }
Transform{ translation    0.01532  -0.61218  -0.35356  rotation   -0.57207   0.48860   0.35356  3.14159  children[ USE EDGE ] }
Transform{ translation    0.01532  -0.61218   0.35356  rotation   -0.57207   0.48860  -0.35356  3.14159  children[ USE EDGE ] }
Transform{ translation   -0.57207  -0.21851  -0.35356  rotation    0.01532   0.09493   0.35356  3.14159  children[ USE EDGE ] }
Transform{ translation   -0.57207  -0.21851   0.35356  rotation    0.01532   0.09493  -0.35356  3.14159  children[ USE EDGE ] }
Transform{ translation    0.58739  -0.39367   0.00000  rotation    0.00000   0.70711  -0.70711  3.14159  children[ USE EDGE ] }
Transform{ translation    0.00000   0.00000  -0.70711  rotation    0.58739   0.31344   0.00000  3.14159  children[ USE EDGE ] }
Transform{ translation    0.57207   0.21851  -0.35356  rotation    0.01532   0.09493  -0.35356  3.14159  children[ USE EDGE ] }
Transform{ translation    0.00000   0.00000   0.70711  rotation    0.58739   0.31344   0.00000  3.14159  children[ USE EDGE ] }
Transform{ translation    0.57207   0.21851   0.35356  rotation    0.01532   0.09493   0.35356  3.14159  children[ USE EDGE ] }
Transform{ translation   -0.58739   0.39367   0.00000  rotation    0.00000   0.70711  -0.70711  3.14159  children[ USE EDGE ] }
Transform{ translation   -0.01532   0.61218  -0.35356  rotation   -0.57207   0.48860  -0.35356  3.14159  children[ USE EDGE ] }
Transform{ translation   -0.01532   0.61218   0.35356  rotation   -0.57207   0.48860   0.35356  3.14159  children[ USE EDGE ] }
Transform{ translation   -0.35356   0.01532   0.61218  rotation    0.35356   0.13504   0.21851  3.14159  children[ USE EDGE ] }
Transform{ translation    0.35356   0.01532   0.61218  rotation   -0.35356   0.13504   0.21851  3.14159  children[ USE EDGE ] }
Transform{ translation   -0.35356  -0.57207   0.21851  rotation    0.35356   0.72243   0.61218  3.14159  children[ USE EDGE ] }
Transform{ translation    0.35356  -0.57207   0.21851  rotation   -0.35356   0.72243   0.61218  3.14159  children[ USE EDGE ] }
Transform{ translation    0.00000   0.58739   0.39367  rotation   -0.70711   0.70711   0.00000  3.14159  children[ USE EDGE ] }
Transform{ translation   -0.70711   0.00000   0.00000  rotation    0.00000   1.29450   0.39367  3.14159  children[ USE EDGE ] }
Transform{ translation   -0.35356   0.57207  -0.21851  rotation   -0.35356   0.72243   0.61218  3.14159  children[ USE EDGE ] }
Transform{ translation    0.70711   0.00000   0.00000  rotation    0.00000   1.29450   0.39367  3.14159  children[ USE EDGE ] }
Transform{ translation    0.35356   0.57207  -0.21851  rotation    0.35356   0.72243   0.61218  3.14159  children[ USE EDGE ] }
Transform{ translation    0.00000  -0.58739  -0.39367  rotation   -0.70711   0.70711   0.00000  3.14159  children[ USE EDGE ] }
Transform{ translation   -0.35356  -0.01532  -0.61218  rotation   -0.35356   0.13504   0.21851  3.14159  children[ USE EDGE ] }
Transform{ translation    0.35356  -0.01532  -0.61218  rotation    0.35356   0.13504   0.21851  3.14159  children[ USE EDGE ] }
Transform{ translation   -0.35356  -0.01532   0.61218  rotation    0.35356   1.27918   0.21851  3.14159  children[ USE EDGE ] }
Transform{ translation    0.35356  -0.01532   0.61218  rotation   -0.35356   1.27918   0.21851  3.14159  children[ USE EDGE ] }
Transform{ translation   -0.35356   0.57207   0.21851  rotation    0.35356   0.69179   0.61218  3.14159  children[ USE EDGE ] }
Transform{ translation    0.35356   0.57207   0.21851  rotation   -0.35356   0.69179   0.61218  3.14159  children[ USE EDGE ] }
Transform{ translation    0.00000  -0.58739   0.39367  rotation   -0.70711   0.70711   0.00000  3.14159  children[ USE EDGE ] }
Transform{ translation   -0.70711   0.00000   0.00000  rotation    0.00000   0.11972   0.39367  3.14159  children[ USE EDGE ] }
Transform{ translation   -0.35356  -0.57207  -0.21851  rotation   -0.35356   0.69179   0.61218  3.14159  children[ USE EDGE ] }
Transform{ translation    0.70711   0.00000   0.00000  rotation    0.00000   0.11972   0.39367  3.14159  children[ USE EDGE ] }
Transform{ translation    0.35356  -0.57207  -0.21851  rotation    0.35356   0.69179   0.61218  3.14159  children[ USE EDGE ] }
Transform{ translation    0.00000   0.58739  -0.39367  rotation   -0.70711   0.70711   0.00000  3.14159  children[ USE EDGE ] }
Transform{ translation   -0.35356   0.01532  -0.61218  rotation   -0.35356   1.27918   0.21851  3.14159  children[ USE EDGE ] }
Transform{ translation    0.35356   0.01532  -0.61218  rotation    0.35356   1.27918   0.21851  3.14159  children[ USE EDGE ] }
Transform{ translation   -0.37835   0.02480   0.59686  rotation    0.57206   0.92562   0.35356  3.14159  children[ USE EDGE ] }
Transform{ translation   -0.02479   0.59685   0.37835  rotation    0.21851   0.35356   0.57206  3.14159  children[ USE EDGE ] }
Transform{ translation    0.21851  -0.35356   0.57206  rotation   -0.02479   1.30397   0.37835  3.14159  children[ USE EDGE ] }
Transform{ translation    0.57206   0.21851   0.35356  rotation   -0.37835   0.73191   0.59686  3.14159  children[ USE EDGE ] }
Transform{ translation   -0.59686   0.37835   0.02479  rotation   -0.35356   0.13505   0.21851  3.14159  children[ USE EDGE ] }
Transform{ translation   -0.35356  -0.57206   0.21851  rotation   -0.59686   1.08546   0.02479  3.14159  children[ USE EDGE ] }
Transform{ translation   -0.57206  -0.21851  -0.35356  rotation   -0.37835   0.73191   0.59686  3.14159  children[ USE EDGE ] }
Transform{ translation    0.35356   0.57206  -0.21851  rotation   -0.59686   1.08546   0.02479  3.14159  children[ USE EDGE ] }
Transform{ translation   -0.21851   0.35356  -0.57206  rotation   -0.02479   1.30397   0.37835  3.14159  children[ USE EDGE ] }
Transform{ translation    0.59686  -0.37835  -0.02479  rotation   -0.35356   0.13505   0.21851  3.14159  children[ USE EDGE ] }
Transform{ translation    0.02479  -0.59686  -0.37835  rotation    0.21851   0.35356   0.57206  3.14159  children[ USE EDGE ] }
Transform{ translation    0.37835  -0.02480  -0.59686  rotation    0.57206   0.92562   0.35356  3.14159  children[ USE EDGE ] }
Transform{ translation   -0.37835  -0.02480   0.59686  rotation    0.57206   0.48861   0.35356  3.14159  children[ USE EDGE ] }
Transform{ translation   -0.02479  -0.59686   0.37835  rotation    0.21851   1.06067   0.57206  3.14159  children[ USE EDGE ] }
Transform{ translation    0.21851   0.35356   0.57206  rotation   -0.02479   0.11025   0.37835  3.14159  children[ USE EDGE ] }
Transform{ translation    0.57206  -0.21851   0.35356  rotation   -0.37835   0.68232   0.59686  3.14159  children[ USE EDGE ] }
Transform{ translation   -0.59686  -0.37835   0.02479  rotation   -0.35356   1.27917   0.21851  3.14159  children[ USE EDGE ] }
Transform{ translation   -0.35356   0.57206   0.21851  rotation   -0.59686   0.32876   0.02479  3.14159  children[ USE EDGE ] }
Transform{ translation   -0.57206   0.21851  -0.35356  rotation   -0.37835   0.68232   0.59686  3.14159  children[ USE EDGE ] }
Transform{ translation    0.35356  -0.57206  -0.21851  rotation   -0.59686   0.32876   0.02479  3.14159  children[ USE EDGE ] }
Transform{ translation   -0.21851  -0.35356  -0.57206  rotation   -0.02479   0.11025   0.37835  3.14159  children[ USE EDGE ] }
Transform{ translation    0.59686   0.37835  -0.02479  rotation   -0.35356   1.27917   0.21851  3.14159  children[ USE EDGE ] }
Transform{ translation    0.02479   0.59685  -0.37835  rotation    0.21851   1.06067   0.57206  3.14159  children[ USE EDGE ] }
Transform{ translation    0.37835   0.02480  -0.59686  rotation    0.57206   0.48861   0.35356  3.14159  children[ USE EDGE ] }
Transform{ translation   -0.39367   0.00000   0.58739  rotation    0.00000   0.00000   0.00000  3.14159  children[ USE EDGE ] }
Transform{ translation   -0.61218  -0.35356   0.01532  rotation    0.21851   0.35356   0.57207  3.14159  children[ USE EDGE ] }
Transform{ translation    0.21851  -0.35356   0.57207  rotation   -0.61218   0.35356   0.01532  3.14159  children[ USE EDGE ] }
Transform{ translation    0.00000  -0.70711   0.00000  rotation   -0.39367   0.70711   0.58739  3.14159  children[ USE EDGE ] }
Transform{ translation   -0.61218   0.35356   0.01532  rotation    0.21851   1.06067   0.57207  3.14159  children[ USE EDGE ] }
Transform{ translation    0.21851   0.35356   0.57207  rotation   -0.61218   1.06067   0.01532  3.14159  children[ USE EDGE ] }
Transform{ translation    0.00000   0.70711   0.00000  rotation   -0.39367   0.70711   0.58739  3.14159  children[ USE EDGE ] }
Transform{ translation   -0.21851  -0.35356  -0.57207  rotation   -0.61218   1.06067   0.01532  3.14159  children[ USE EDGE ] }
Transform{ translation   -0.21851   0.35356  -0.57207  rotation   -0.61218   0.35356   0.01532  3.14159  children[ USE EDGE ] }
Transform{ translation    0.61218  -0.35356  -0.01532  rotation    0.21851   1.06067   0.57207  3.14159  children[ USE EDGE ] }
Transform{ translation    0.61218   0.35356  -0.01532  rotation    0.21851   0.35356   0.57207  3.14159  children[ USE EDGE ] }
Transform{ translation    0.39367   0.00000  -0.58739  rotation    0.00000   0.00000   0.00000  3.14159  children[ USE EDGE ] }

# Faces
Transform{ children[

	# Outer faces
	Shape{  appearance Appearance{ material Material{ diffuseColor  1  0  0
			             ambientIntensity 1   transparency  .3       }}
		geometry IndexedFaceSet{   coord USE SC  coordIndex[
  1   2   3  -1
  1   2   4  -1
  1   3   5  -1
  1   4   5  -1
  2   3   6  -1
  2   4   6  -1
  3   5   6  -1
  4   5   6  -1
		]  convex FALSE  solid FALSE  }}

	Shape{  appearance Appearance{ material Material{ diffuseColor  0    1    0  
			            ambientIntensity 1    transparency   .2      }}
		geometry IndexedFaceSet{   coord USE SC  coordIndex[
  7   8   9  -1
  7   8  10  -1
  7   9  11  -1
  7  10  11  -1
  8   9  12  -1
  8  10  12  -1
  9  11  12  -1
 10  11  12  -1
		]  convex FALSE  solid FALSE  }}

	Shape{  appearance Appearance{ material Material{ diffuseColor  0    0    1  
			            ambientIntensity 1    transparency   .2      }}
		geometry IndexedFaceSet{   coord USE SC  coordIndex[
 13  14  15  -1
 13  14  16  -1
 13  15  17  -1
 13  16  17  -1
 14  15  18  -1
 14  16  18  -1
 15  17  18  -1
 16  17  18  -1
		]  convex FALSE  solid FALSE  }}

	Shape{  appearance Appearance{ material Material{ diffuseColor  0    0.4  0.4
			            ambientIntensity 1    transparency   .2      }}
		geometry IndexedFaceSet{   coord USE SC  coordIndex[
 19  20  21  -1
 19  20  22  -1
 19  21  23  -1
 19  22  23  -1
 20  21  24  -1
 20  22  24  -1
 21  23  24  -1
 22  23  24  -1
		]  convex FALSE  solid FALSE  }}

	Shape{  appearance Appearance{ material Material{ diffuseColor  0.4  0    0.4
			            ambientIntensity 1    transparency   .2      }}
		geometry IndexedFaceSet{   coord USE SC  coordIndex[
 25  26  27  -1
 25  26  28  -1
 25  27  29  -1
 25  28  29  -1
 26  27  30  -1
 26  28  30  -1
 27  29  30  -1
 28  29  30  -1
		]  convex FALSE  solid FALSE  }}

	Shape{  appearance Appearance{ material Material{ diffuseColor  0.8  0.4  0  
			            ambientIntensity 1    transparency   .2      }}
		geometry IndexedFaceSet{   coord USE SC  coordIndex[
 31  32  33  -1
 31  32  34  -1
 31  33  35  -1
 31  34  35  -1
 32  33  36  -1
 32  34  36  -1
 33  35  36  -1
 34  35  36  -1
		]  convex FALSE  solid FALSE  }}

	Shape{  appearance Appearance{ material Material{ diffuseColor  0.5  0.8  0  
			            ambientIntensity 1    transparency   .2      }}
		geometry IndexedFaceSet{   coord USE SC  coordIndex[
 37  38  39  -1
 37  38  40  -1
 37  39  41  -1
 37  40  41  -1
 38  39  42  -1
 38  40  42  -1
 39  41  42  -1
 40  41  42  -1
		]  convex FALSE  solid FALSE  }}

	Shape{  appearance Appearance{ material Material{ diffuseColor  0    0.8  0.5
			            ambientIntensity 1    transparency   .2      }}
		geometry IndexedFaceSet{   coord USE SC  coordIndex[
 43  44  45  -1
 43  44  46  -1
 43  45  47  -1
 43  46  47  -1
 44  45  48  -1
 44  46  48  -1
 45  47  48  -1
 46  47  48  -1
		]  convex FALSE  solid FALSE  }}

	Shape{  appearance Appearance{ material Material{ diffuseColor  1    0    0.5
			            ambientIntensity 1    transparency   .2      }}
		geometry IndexedFaceSet{   coord USE SC  coordIndex[
 49  50  51  -1
 49  50  52  -1
 49  51  53  -1
 49  52  53  -1
 50  51  54  -1
 50  52  54  -1
 51  53  54  -1
 52  53  54  -1
		]  convex FALSE  solid FALSE  }}

	Shape{  appearance Appearance{ material Material{ diffuseColor  1    1    1  
			            ambientIntensity 1    transparency   .2      }}
		geometry IndexedFaceSet{   coord USE SC  coordIndex[
 55  56  57  -1
 55  56  58  -1
 55  57  59  -1
 55  58  59  -1
 56  57  60  -1
 56  58  60  -1
 57  59  60  -1
 58  59  60  -1
		]  convex FALSE  solid FALSE  }}

	# Equatorial faces
	Shape{  appearance Appearance{ material Material{ diffuseColor 0 0 1  ambientIntensity 1
			transparency .3
			}}
		geometry IndexedFaceSet{
			coord USE SC  coordIndex[
		]  convex FALSE  solid FALSE  }}

	]}
