		I53a_1


	Vertex Coordinates

Class A
	radius R:   sqrt( ( 5 - 2 sqrt(5)) / 3 ),  approx. 0.419469524122 
	even permutations of ( ±sqrt( (5 + sqrt(5)) / 10 ),  ±sqrt( (5 - sqrt(5)) / 10 ),  0 ) * R

A01:	 0.35682208977308993194	 0.22052817941653583257	 0.00000000000000000000
A02:	 0.35682208977308993194	-0.22052817941653583257	 0.00000000000000000000
A03:	-0.35682208977308993194	 0.22052817941653583257	 0.00000000000000000000
A04:	-0.35682208977308993194	-0.22052817941653583257	 0.00000000000000000000
A05:	 0.00000000000000000000	 0.35682208977308993194	 0.22052817941653583257
A06:	 0.00000000000000000000	 0.35682208977308993194	-0.22052817941653583257
A07:	 0.00000000000000000000	-0.35682208977308993194	 0.22052817941653583257
A08:	 0.00000000000000000000	-0.35682208977308993194	-0.22052817941653583257
A09:	 0.22052817941653583257	 0.00000000000000000000	 0.35682208977308993194
A10:	-0.22052817941653583257	 0.00000000000000000000	 0.35682208977308993194
A11:	 0.22052817941653583257	 0.00000000000000000000	-0.35682208977308993194
A12:	-0.22052817941653583257	 0.00000000000000000000	-0.35682208977308993194

Class B
	radius:   1.0
	( ±1 / sqrt(3),  ±1 / sqrt(3),  ±1 / sqrt(3) )
	even permutations of ( ±(sqrt(5) + 1) / 2 sqrt(3),  0,  ±(sqrt(5) - 1) / 2 sqrt(3) )

B01:	 0.57735026918962576451	 0.57735026918962576451	 0.57735026918962576451
B02:	 0.57735026918962576451	 0.57735026918962576451	-0.57735026918962576451
B03:	 0.57735026918962576451	-0.57735026918962576451	 0.57735026918962576451
B04:	 0.57735026918962576451	-0.57735026918962576451	-0.57735026918962576451
B05:	-0.57735026918962576451	 0.57735026918962576451	 0.57735026918962576451
B06:	-0.57735026918962576451	 0.57735026918962576451	-0.57735026918962576451
B07:	-0.57735026918962576451	-0.57735026918962576451	 0.57735026918962576451
B08:	-0.57735026918962576451	-0.57735026918962576451	-0.57735026918962576451
B09:	 0.93417235896271569645	 0.00000000000000000000	 0.35682208977308993194
B10:	 0.93417235896271569645	 0.00000000000000000000	-0.35682208977308993194
B11:	-0.93417235896271569645	 0.00000000000000000000	 0.35682208977308993194
B12:	-0.93417235896271569645	 0.00000000000000000000	-0.35682208977308993194
B13:	 0.35682208977308993194	 0.93417235896271569645	 0.00000000000000000000
B14:	-0.35682208977308993194	 0.93417235896271569645	 0.00000000000000000000
B15:	 0.35682208977308993194	-0.93417235896271569645	 0.00000000000000000000
B16:	-0.35682208977308993194	-0.93417235896271569645	 0.00000000000000000000
B17:	 0.00000000000000000000	 0.35682208977308993194	 0.93417235896271569645
B18:	 0.00000000000000000000	-0.35682208977308993194	 0.93417235896271569645
B19:	 0.00000000000000000000	 0.35682208977308993194	-0.93417235896271569645
B20:	 0.00000000000000000000	-0.35682208977308993194	-0.93417235896271569645


	Face Cycles

Covering Faces
A01  B01  A09  B18  A07  B16  A08  B20  A11  B02  
A01  B02  A06  B06  A03  B11  A10  B18  A09  B09  
A01  B09  A02  B15  A08  B08  A12  B06  A06  B13  
A01  B10  A11  B20  A12  B12  A03  B05  A05  B01  
A01  B13  A05  B05  A10  B07  A07  B15  A02  B10  
A02  B03  A07  B07  A04  B12  A12  B19  A11  B10  
A02  B04  A11  B19  A06  B14  A05  B17  A09  B03  
A02  B09  A09  B17  A10  B11  A04  B08  A08  B04  
A03  B06  A12  B20  A08  B15  A07  B18  A10  B05  
A03  B12  A04  B16  A07  B03  A09  B01  A05  B14  
A03  B14  A06  B02  A11  B04  A08  B16  A04  B11  
A04  B07  A10  B17  A05  B13  A06  B19  A12  B08  


	Face Geometry

Edge length (for unit outer radius)
	sqrt( ( 6 - 2 sqrt(5)) / 3 ),  approx. 0.713644179546 

Covering face angles
	36.0 degrees
	252.0 degrees

Dihedral angle
	arccos( 1 / sqrt(5) ),  approx. 63.434948822922 degrees
